<?xml version="1.0" encoding="UTF-8"?>
<Root>
  <GEOMETRY_INFO>
    <NUMBER_OF_TYPES>1</NUMBER_OF_TYPES>
    <NUMBER_OF_ATOMS>2</NUMBER_OF_ATOMS>
    <BRAVAIS_LATTICE_INDEX>4</BRAVAIS_LATTICE_INDEX>
    <SPIN_COMPONENTS>1</SPIN_COMPONENTS>
    <CELL_DIMENSIONS>
   6.093687070000000E+00   0.000000000000000E+00   1.546365030000000E+00
   0.000000000000000E+00   0.000000000000000E+00   0.000000000000000E+00
    </CELL_DIMENSIONS>
    <AT>
   1.000000000000000E+00   0.000000000000000E+00   0.000000000000000E+00
  -5.000000000000000E-01   8.660254037844999E-01   0.000000000000000E+00
   0.000000000000000E+00   0.000000000000000E+00   1.546365030000000E+00
    </AT>
    <BG>
   1.000000000000000E+00   5.773502691895849E-01  -0.000000000000000E+00
   0.000000000000000E+00   1.154700538379170E+00   0.000000000000000E+00
   0.000000000000000E+00  -0.000000000000000E+00   6.466778416477770E-01
    </BG>
    <UNIT_CELL_VOLUME_AU>303.02823464859011</UNIT_CELL_VOLUME_AU>
    <TYPE_NAME.1>Sc</TYPE_NAME.1>
    <MASS.1>44.595999999999997</MASS.1>
    <ATOM.1 SPECIES="Sc" INDEX="1" TAU="0.0000000000000000 0.0000000000000000 0.0000000000000000"/>
    <ATOM.2 SPECIES="Sc" INDEX="1" TAU="0.50000000000050004 0.28867513459454475 0.77318251500000001"/>
    <NUMBER_OF_Q>6</NUMBER_OF_Q>
  </GEOMETRY_INFO>
  <DIELECTRIC_PROPERTIES epsil="false" zstar="false" raman="false">
  </DIELECTRIC_PROPERTIES>
  <INTERATOMIC_FORCE_CONSTANTS>
    <MESH_NQ1_NQ2_NQ3>
                 4                 4                 2
    </MESH_NQ1_NQ2_NQ3>
    <s_s1_m1_m2_m3.1.1.1.1.1>
      <IFC>
   9.864430948458063E-02   0.000000000000000E+00   3.243375571878023E-37
   0.000000000000000E+00   9.864430948456665E-02   1.872563759506700E-37
   3.243375571878023E-37   1.872563759506700E-37   9.722528994884586E-02
      </IFC>
    </s_s1_m1_m2_m3.1.1.1.1.1>
    <s_s1_m1_m2_m3.1.1.2.1.1>
      <IFC>
  -1.834016425672037E-02  -4.183759524143715E-03   3.243375571878023E-37
   4.183759524143713E-03  -2.081373566333646E-03   1.872563759506700E-37
   3.243375571878023E-37   1.872563759506700E-37   7.351291562635556E-04
      </IFC>
    </s_s1_m1_m2_m3.1.1.2.1.1>
    <s_s1_m1_m2_m3.1.1.3.1.1>
      <IFC>
   3.415916158820828E-04  -1.084202172485504E-19   3.243375571878023E-37
  -1.084202172485504E-19  -5.286998889086712E-04   1.872563759506700E-37
   3.243375571878023E-37   1.872563759506700E-37  -8.164421334292873E-04
      </IFC>
    </s_s1_m1_m2_m3.1.1.3.1.1>
    <s_s1_m1_m2_m3.1.1.4.1.1>
      <IFC>
  -1.834016425672037E-02   4.183759524143713E-03   3.243375571878023E-37
  -4.183759524143715E-03  -2.081373566333646E-03   1.872563759506700E-37
   3.243375571878023E-37   1.872563759506700E-37   7.351291562635556E-04
      </IFC>
    </s_s1_m1_m2_m3.1.1.4.1.1>
    <s_s1_m1_m2_m3.1.1.1.2.1>
      <IFC>
  -6.146071238930547E-03   2.856503362200080E-03   3.243375571878023E-37
   1.122402241048751E-02  -1.427546658412174E-02   1.872563759506700E-37
   3.243375571878023E-37   1.872563759506700E-37   7.351291562635569E-04
      </IFC>
    </s_s1_m1_m2_m3.1.1.1.2.1>
    <s_s1_m1_m2_m3.1.1.2.2.1>
      <IFC>
  -6.146071238930549E-03  -2.856503362200080E-03   3.243375571878023E-37
  -1.122402241048751E-02  -1.427546658412174E-02   1.872563759506700E-37
   3.243375571878023E-37   1.872563759506700E-37   7.351291562635556E-04
      </IFC>
    </s_s1_m1_m2_m3.1.1.2.2.1>
    <s_s1_m1_m2_m3.1.1.3.2.1>
      <IFC>
  -1.746108419307744E-03  -1.403863584978746E-03   3.243375571878023E-37
  -1.403863584978746E-03  -1.250663819216281E-04   1.872563759506700E-37
   3.243375571878023E-37   1.872563759506700E-37  -1.837093890913050E-04
      </IFC>
    </s_s1_m1_m2_m3.1.1.3.2.1>
    <s_s1_m1_m2_m3.1.1.4.2.1>
      <IFC>
  -1.746108419307744E-03   1.403863584978747E-03   3.243375571878023E-37
   1.403863584978746E-03  -1.250663819216268E-04   1.872563759506700E-37
   3.243375571878023E-37   1.872563759506700E-37  -1.837093890913045E-04
      </IFC>
    </s_s1_m1_m2_m3.1.1.4.2.1>
    <s_s1_m1_m2_m3.1.1.1.3.1>
      <IFC>
  -3.111270127110558E-04  -3.768472759232990E-04   3.243375571878023E-37
  -3.768472759232990E-04   1.240187396843589E-04   1.872563759506700E-37
   3.243375571878023E-37   1.872563759506700E-37  -8.164421334292890E-04
      </IFC>
    </s_s1_m1_m2_m3.1.1.1.3.1>
    <s_s1_m1_m2_m3.1.1.2.3.1>
      <IFC>
   6.854546367714206E-04  -6.505213034913027E-19   3.243375571878023E-37
  -6.505213034913027E-19  -2.556629438000433E-03   1.872563759506700E-37
   3.243375571878023E-37   1.872563759506700E-37  -1.837093890913045E-04
      </IFC>
    </s_s1_m1_m2_m3.1.1.2.3.1>
    <s_s1_m1_m2_m3.1.1.3.3.1>
      <IFC>
  -3.111270127110566E-04   3.768472759232989E-04   3.243375571878023E-37
   3.768472759232989E-04   1.240187396843537E-04   1.872563759506700E-37
   3.243375571878023E-37   1.872563759506700E-37  -8.164421334292873E-04
      </IFC>
    </s_s1_m1_m2_m3.1.1.3.3.1>
    <s_s1_m1_m2_m3.1.1.4.3.1>
      <IFC>
   6.854546367714206E-04  -6.505213034913027E-19   3.243375571878023E-37
  -6.505213034913027E-19  -2.556629438000433E-03   1.872563759506700E-37
   3.243375571878023E-37   1.872563759506700E-37  -1.837093890913045E-04
      </IFC>
    </s_s1_m1_m2_m3.1.1.4.3.1>
    <s_s1_m1_m2_m3.1.1.1.4.1>
      <IFC>
  -6.146071238930547E-03   1.122402241048751E-02   3.243375571878023E-37
   2.856503362200080E-03  -1.427546658412174E-02   1.872563759506700E-37
   3.243375571878023E-37   1.872563759506700E-37   7.351291562635569E-04
      </IFC>
    </s_s1_m1_m2_m3.1.1.1.4.1>
    <s_s1_m1_m2_m3.1.1.2.4.1>
      <IFC>
  -1.746108419307744E-03   1.403863584978746E-03   3.243375571878023E-37
   1.403863584978747E-03  -1.250663819216268E-04   1.872563759506700E-37
   3.243375571878023E-37   1.872563759506700E-37  -1.837093890913045E-04
      </IFC>
    </s_s1_m1_m2_m3.1.1.2.4.1>
    <s_s1_m1_m2_m3.1.1.3.4.1>
      <IFC>
  -1.746108419307744E-03  -1.403863584978746E-03   3.243375571878023E-37
  -1.403863584978746E-03  -1.250663819216281E-04   1.872563759506700E-37
   3.243375571878023E-37   1.872563759506700E-37  -1.837093890913050E-04
      </IFC>
    </s_s1_m1_m2_m3.1.1.3.4.1>
    <s_s1_m1_m2_m3.1.1.4.4.1>
      <IFC>
  -6.146071238930549E-03  -1.122402241048751E-02   3.243375571878023E-37
  -2.856503362200080E-03  -1.427546658412174E-02   1.872563759506700E-37
   3.243375571878023E-37   1.872563759506700E-37   7.351291562635556E-04
      </IFC>
    </s_s1_m1_m2_m3.1.1.4.4.1>
    <s_s1_m1_m2_m3.1.1.1.1.2>
      <IFC>
   4.004728099201341E-03   4.336808689942018E-19  -3.243375571878023E-37
   4.336808689942018E-19   4.004728099200786E-03  -1.872563759506700E-37
  -3.243375571878023E-37  -1.872563759506700E-37   1.462722777666087E-02
      </IFC>
    </s_s1_m1_m2_m3.1.1.1.1.2>
    <s_s1_m1_m2_m3.1.1.2.1.2>
      <IFC>
  -7.287514846914134E-04  -1.440526322571364E-04  -3.243375571878023E-37
   1.440526322571364E-04  -2.974322707963661E-04  -1.872563759506700E-37
  -3.243375571878023E-37  -1.872563759506700E-37  -2.047299838632659E-03
      </IFC>
    </s_s1_m1_m2_m3.1.1.2.1.2>
    <s_s1_m1_m2_m3.1.1.3.1.2>
      <IFC>
   1.384128248186224E-03   7.589415207398531E-19  -3.243375571878023E-37
   7.589415207398531E-19   7.771212091085486E-05  -1.872563759506700E-37
  -3.243375571878023E-37  -1.872563759506700E-37   1.089449139193207E-03
      </IFC>
    </s_s1_m1_m2_m3.1.1.3.1.2>
    <s_s1_m1_m2_m3.1.1.4.1.2>
      <IFC>
  -7.287514846914134E-04   1.440526322571364E-04  -3.243375571878023E-37
  -1.440526322571364E-04  -2.974322707963661E-04  -1.872563759506700E-37
  -3.243375571878023E-37  -1.872563759506700E-37  -2.047299838632659E-03
      </IFC>
    </s_s1_m1_m2_m3.1.1.4.1.2>
    <s_s1_m1_m2_m3.1.1.1.2.2>
      <IFC>
  -4.052620742701542E-04   4.271406592955794E-05  -3.243375571878023E-37
   3.308193304438298E-04  -6.209216812175719E-04  -1.872563759506700E-37
  -3.243375571878023E-37  -1.872563759506700E-37  -2.047299838632661E-03
      </IFC>
    </s_s1_m1_m2_m3.1.1.1.2.2>
    <s_s1_m1_m2_m3.1.1.2.2.2>
      <IFC>
  -4.052620742701560E-04  -4.271406592955729E-05  -3.243375571878023E-37
  -3.308193304438298E-04  -6.209216812175736E-04  -1.872563759506700E-37
  -3.243375571878023E-37  -1.872563759506700E-37  -2.047299838632659E-03
      </IFC>
    </s_s1_m1_m2_m3.1.1.2.2.2>
    <s_s1_m1_m2_m3.1.1.3.2.2>
      <IFC>
  -4.410475926998414E-04  -2.135690345206022E-04  -3.243375571878023E-37
  -2.135690345206022E-04  -1.944393135577156E-04  -1.872563759506700E-37
  -3.243375571878023E-37  -1.872563759506700E-37  -7.125848098477015E-04
      </IFC>
    </s_s1_m1_m2_m3.1.1.3.2.2>
    <s_s1_m1_m2_m3.1.1.4.2.2>
      <IFC>
  -4.410475926998423E-04   2.135690345206019E-04  -3.243375571878023E-37
   2.135690345206020E-04  -1.944393135577152E-04  -1.872563759506700E-37
  -3.243375571878023E-37  -1.872563759506700E-37  -7.125848098477020E-04
      </IFC>
    </s_s1_m1_m2_m3.1.1.4.2.2>
    <s_s1_m1_m2_m3.1.1.1.3.2>
      <IFC>
   4.043161527296987E-04  -5.656947770670308E-04  -3.243375571878023E-37
  -5.656947770670308E-04   1.057524216367234E-03  -1.872563759506700E-37
  -3.243375571878023E-37  -1.872563759506700E-37   1.089449139193205E-03
      </IFC>
    </s_s1_m1_m2_m3.1.1.1.3.2>
    <s_s1_m1_m2_m3.1.1.2.3.2>
      <IFC>
  -7.113517398669479E-05   2.168404344971009E-19  -3.243375571878023E-37
   2.168404344971009E-19  -5.643517322708107E-04  -1.872563759506700E-37
  -3.243375571878023E-37  -1.872563759506700E-37  -7.125848098477020E-04
      </IFC>
    </s_s1_m1_m2_m3.1.1.2.3.2>
    <s_s1_m1_m2_m3.1.1.3.3.2>
      <IFC>
   4.043161527297031E-04   5.656947770670320E-04  -3.243375571878023E-37
   5.656947770670320E-04   1.057524216367227E-03  -1.872563759506700E-37
  -3.243375571878023E-37  -1.872563759506700E-37   1.089449139193207E-03
      </IFC>
    </s_s1_m1_m2_m3.1.1.3.3.2>
    <s_s1_m1_m2_m3.1.1.4.3.2>
      <IFC>
  -7.113517398669479E-05   2.168404344971009E-19  -3.243375571878023E-37
   2.168404344971009E-19  -5.643517322708107E-04  -1.872563759506700E-37
  -3.243375571878023E-37  -1.872563759506700E-37  -7.125848098477020E-04
      </IFC>
    </s_s1_m1_m2_m3.1.1.4.3.2>
    <s_s1_m1_m2_m3.1.1.1.4.2>
      <IFC>
  -4.052620742701542E-04   3.308193304438298E-04  -3.243375571878023E-37
   4.271406592955794E-05  -6.209216812175719E-04  -1.872563759506700E-37
  -3.243375571878023E-37  -1.872563759506700E-37  -2.047299838632661E-03
      </IFC>
    </s_s1_m1_m2_m3.1.1.1.4.2>
    <s_s1_m1_m2_m3.1.1.2.4.2>
      <IFC>
  -4.410475926998423E-04   2.135690345206020E-04  -3.243375571878023E-37
   2.135690345206019E-04  -1.944393135577152E-04  -1.872563759506700E-37
  -3.243375571878023E-37  -1.872563759506700E-37  -7.125848098477020E-04
      </IFC>
    </s_s1_m1_m2_m3.1.1.2.4.2>
    <s_s1_m1_m2_m3.1.1.3.4.2>
      <IFC>
  -4.410475926998414E-04  -2.135690345206022E-04  -3.243375571878023E-37
  -2.135690345206022E-04  -1.944393135577156E-04  -1.872563759506700E-37
  -3.243375571878023E-37  -1.872563759506700E-37  -7.125848098477015E-04
      </IFC>
    </s_s1_m1_m2_m3.1.1.3.4.2>
    <s_s1_m1_m2_m3.1.1.4.4.2>
      <IFC>
  -4.052620742701560E-04  -3.308193304438298E-04  -3.243375571878023E-37
  -4.271406592955729E-05  -6.209216812175736E-04  -1.872563759506700E-37
  -3.243375571878023E-37  -1.872563759506700E-37  -2.047299838632659E-03
      </IFC>
    </s_s1_m1_m2_m3.1.1.4.4.2>
    <s_s1_m1_m2_m3.1.2.1.1.1>
      <IFC>
  -8.531641018859736E-03  -3.250644433632543E-03  -9.891648429373172E-03
  -3.250644433632543E-03  -4.778120141267349E-03  -5.710945883423735E-03
  -9.891648429373172E-03  -5.710945883423735E-03  -1.905564740211099E-02
      </IFC>
    </s_s1_m1_m2_m3.1.2.1.1.1>
    <s_s1_m1_m2_m3.1.2.2.1.1>
      <IFC>
  -8.531641018866942E-03   3.250644433629659E-03   9.891648429364198E-03
   3.250644433629659E-03  -4.778120141274315E-03  -5.710945883422159E-03
   9.891648429364198E-03  -5.710945883422159E-03  -1.905564740213435E-02
      </IFC>
    </s_s1_m1_m2_m3.1.2.2.1.1>
    <s_s1_m1_m2_m3.1.2.3.1.1>
      <IFC>
  -1.674681769315201E-03   4.217002677169871E-04   1.530322988966657E-03
   4.217002677169871E-04  -1.169457837788807E-04   2.829592211341524E-04
   1.530322988966657E-03   2.829592211341524E-04   3.904629153202079E-05
      </IFC>
    </s_s1_m1_m2_m3.1.2.3.1.1>
    <s_s1_m1_m2_m3.1.2.4.1.1>
      <IFC>
  -1.674681769311636E-03  -4.217002677141039E-04  -1.530322988957683E-03
  -4.217002677141039E-04  -1.169457837785284E-04   2.829592211451533E-04
  -1.530322988957683E-03   2.829592211451533E-04   3.904629153865313E-05
      </IFC>
    </s_s1_m1_m2_m3.1.2.4.1.1>
    <s_s1_m1_m2_m3.1.2.1.2.1>
      <IFC>
   3.271636775861980E-03  -8.232983777967823E-04   9.426400805537853E-04
  -8.232983777967823E-04   2.320973695772876E-03  -5.442335042566244E-04
   9.426400805537853E-04  -5.442335042566244E-04   2.191761713360780E-03
      </IFC>
    </s_s1_m1_m2_m3.1.2.1.2.1>
    <s_s1_m1_m2_m3.1.2.2.2.1>
      <IFC>
  -2.901359702469491E-03  -1.544933885683220E-15  -3.109708671122924E-15
  -1.544933885683220E-15  -1.040840145765679E-02   1.142189176685287E-02
  -3.109708671122924E-15   1.142189176685287E-02  -1.905564740211099E-02
      </IFC>
    </s_s1_m1_m2_m3.1.2.2.2.1>
    <s_s1_m1_m2_m3.1.2.3.2.1>
      <IFC>
   3.271636775859914E-03   8.232983777985792E-04  -9.426400805460784E-04
   8.232983777985792E-04   2.320973695765051E-03  -5.442335042472443E-04
  -9.426400805460784E-04  -5.442335042472443E-04   2.191761713345637E-03
      </IFC>
    </s_s1_m1_m2_m3.1.2.3.2.1>
    <s_s1_m1_m2_m3.1.2.4.2.1>
      <IFC>
  -2.683295490091017E-04  -2.517517444511341E-16  -4.597234051773036E-15
  -2.517517444511341E-16  -4.448779343978912E-04  -5.131661163468289E-04
  -4.597234051773036E-15  -5.131661163468289E-04   2.294873871057094E-04
      </IFC>
    </s_s1_m1_m2_m3.1.2.4.2.1>
    <s_s1_m1_m2_m3.1.2.1.3.1>
      <IFC>
  -4.007408380505215E-04  -7.644769337205714E-05   4.444148931154884E-04
  -7.644769337205714E-05  -3.124666453564891E-04   2.565830581773947E-04
   4.444148931154884E-04   2.565830581773947E-04   2.294873871057125E-04
      </IFC>
    </s_s1_m1_m2_m3.1.2.1.3.1>
    <s_s1_m1_m2_m3.1.2.2.3.1>
      <IFC>
  -1.411766355386796E-04   4.636693340733229E-04  -1.010211368225622E-03
   4.636693340733229E-04  -1.650450917551270E-03   1.183818973860021E-03
  -1.010211368225622E-03   1.183818973860021E-03   3.904629153864830E-05
      </IFC>
    </s_s1_m1_m2_m3.1.2.2.3.1>
    <s_s1_m1_m2_m3.1.2.3.3.1>
      <IFC>
  -1.411766355402964E-04  -4.636693340730191E-04   1.010211368225176E-03
  -4.636693340730191E-04  -1.650450917555625E-03   1.183818973867034E-03
   1.010211368225176E-03   1.183818973867034E-03   3.904629153013862E-05
      </IFC>
    </s_s1_m1_m2_m3.1.2.3.3.1>
    <s_s1_m1_m2_m3.1.2.4.3.1>
      <IFC>
  -4.007408380484973E-04   7.644769337175242E-05  -4.444148931150424E-04
   7.644769337175242E-05  -3.124666453542338E-04   2.565830581718312E-04
  -4.444148931150424E-04   2.565830581718312E-04   2.294873871139260E-04
      </IFC>
    </s_s1_m1_m2_m3.1.2.4.3.1>
    <s_s1_m1_m2_m3.1.2.1.4.1>
      <IFC>
   1.845642155720874E-03  -1.593885613770940E-15  -4.259288234609304E-15
  -1.593885613770940E-15   3.746968315903889E-03   1.088467008501878E-03
  -4.259288234609304E-15   1.088467008501878E-03   2.191761713345635E-03
      </IFC>
    </s_s1_m1_m2_m3.1.2.1.4.1>
    <s_s1_m1_m2_m3.1.2.2.4.1>
      <IFC>
  -8.715829247886095E-04   8.853696017902589E-04   5.201116207460730E-04
   8.853696017902589E-04  -9.200446283053592E-04  -1.466778195007437E-03
   5.201116207460730E-04  -1.466778195007437E-03   3.904629153202166E-05
      </IFC>
    </s_s1_m1_m2_m3.1.2.2.4.1>
    <s_s1_m1_m2_m3.1.2.3.4.1>
      <IFC>
   1.487534613877176E-03  -2.036131679927777E-16  -3.447654488286656E-15
  -2.036131679927777E-16   1.487534613876730E-03   1.990757819009259E-15
  -3.447654488286656E-15   1.990757819009259E-15  -2.079850033143604E-04
      </IFC>
    </s_s1_m1_m2_m3.1.2.3.4.1>
    <s_s1_m1_m2_m3.1.2.4.4.1>
      <IFC>
  -8.715829247888916E-04  -8.853696017884612E-04  -5.201116207383661E-04
  -8.853696017884612E-04  -9.200446283071337E-04  -1.466778195008296E-03
  -5.201116207383661E-04  -1.466778195008296E-03   3.904629153013466E-05
      </IFC>
    </s_s1_m1_m2_m3.1.2.4.4.1>
    <s_s1_m1_m2_m3.1.2.1.1.2>
      <IFC>
  -8.531641018859736E-03  -3.250644433632543E-03   9.891648429373172E-03
  -3.250644433632543E-03  -4.778120141267349E-03   5.710945883423735E-03
   9.891648429373172E-03   5.710945883423735E-03  -1.905564740211099E-02
      </IFC>
    </s_s1_m1_m2_m3.1.2.1.1.2>
    <s_s1_m1_m2_m3.1.2.2.1.2>
      <IFC>
  -8.531641018866942E-03   3.250644433629659E-03  -9.891648429364198E-03
   3.250644433629659E-03  -4.778120141274315E-03   5.710945883422159E-03
  -9.891648429364198E-03   5.710945883422159E-03  -1.905564740213435E-02
      </IFC>
    </s_s1_m1_m2_m3.1.2.2.1.2>
    <s_s1_m1_m2_m3.1.2.3.1.2>
      <IFC>
  -1.674681769315201E-03   4.217002677169871E-04  -1.530322988966657E-03
   4.217002677169871E-04  -1.169457837788807E-04  -2.829592211341524E-04
  -1.530322988966657E-03  -2.829592211341524E-04   3.904629153202079E-05
      </IFC>
    </s_s1_m1_m2_m3.1.2.3.1.2>
    <s_s1_m1_m2_m3.1.2.4.1.2>
      <IFC>
  -1.674681769311636E-03  -4.217002677141039E-04   1.530322988957683E-03
  -4.217002677141039E-04  -1.169457837785284E-04  -2.829592211451533E-04
   1.530322988957683E-03  -2.829592211451533E-04   3.904629153865313E-05
      </IFC>
    </s_s1_m1_m2_m3.1.2.4.1.2>
    <s_s1_m1_m2_m3.1.2.1.2.2>
      <IFC>
   3.271636775861980E-03  -8.232983777967823E-04  -9.426400805537853E-04
  -8.232983777967823E-04   2.320973695772876E-03   5.442335042566244E-04
  -9.426400805537853E-04   5.442335042566244E-04   2.191761713360780E-03
      </IFC>
    </s_s1_m1_m2_m3.1.2.1.2.2>
    <s_s1_m1_m2_m3.1.2.2.2.2>
      <IFC>
  -2.901359702469491E-03  -1.544933885683220E-15   3.109708671122924E-15
  -1.544933885683220E-15  -1.040840145765679E-02  -1.142189176685287E-02
   3.109708671122924E-15  -1.142189176685287E-02  -1.905564740211099E-02
      </IFC>
    </s_s1_m1_m2_m3.1.2.2.2.2>
    <s_s1_m1_m2_m3.1.2.3.2.2>
      <IFC>
   3.271636775859914E-03   8.232983777985792E-04   9.426400805460784E-04
   8.232983777985792E-04   2.320973695765051E-03   5.442335042472443E-04
   9.426400805460784E-04   5.442335042472443E-04   2.191761713345637E-03
      </IFC>
    </s_s1_m1_m2_m3.1.2.3.2.2>
    <s_s1_m1_m2_m3.1.2.4.2.2>
      <IFC>
  -2.683295490091017E-04  -2.517517444511341E-16   4.597234051773036E-15
  -2.517517444511341E-16  -4.448779343978912E-04   5.131661163468289E-04
   4.597234051773036E-15   5.131661163468289E-04   2.294873871057094E-04
      </IFC>
    </s_s1_m1_m2_m3.1.2.4.2.2>
    <s_s1_m1_m2_m3.1.2.1.3.2>
      <IFC>
  -4.007408380505215E-04  -7.644769337205714E-05  -4.444148931154884E-04
  -7.644769337205714E-05  -3.124666453564891E-04  -2.565830581773947E-04
  -4.444148931154884E-04  -2.565830581773947E-04   2.294873871057125E-04
      </IFC>
    </s_s1_m1_m2_m3.1.2.1.3.2>
    <s_s1_m1_m2_m3.1.2.2.3.2>
      <IFC>
  -1.411766355386796E-04   4.636693340733229E-04   1.010211368225622E-03
   4.636693340733229E-04  -1.650450917551270E-03  -1.183818973860021E-03
   1.010211368225622E-03  -1.183818973860021E-03   3.904629153864830E-05
      </IFC>
    </s_s1_m1_m2_m3.1.2.2.3.2>
    <s_s1_m1_m2_m3.1.2.3.3.2>
      <IFC>
  -1.411766355402964E-04  -4.636693340730191E-04  -1.010211368225176E-03
  -4.636693340730191E-04  -1.650450917555625E-03  -1.183818973867034E-03
  -1.010211368225176E-03  -1.183818973867034E-03   3.904629153013862E-05
      </IFC>
    </s_s1_m1_m2_m3.1.2.3.3.2>
    <s_s1_m1_m2_m3.1.2.4.3.2>
      <IFC>
  -4.007408380484973E-04   7.644769337175242E-05   4.444148931150424E-04
   7.644769337175242E-05  -3.124666453542338E-04  -2.565830581718312E-04
   4.444148931150424E-04  -2.565830581718312E-04   2.294873871139260E-04
      </IFC>
    </s_s1_m1_m2_m3.1.2.4.3.2>
    <s_s1_m1_m2_m3.1.2.1.4.2>
      <IFC>
   1.845642155720874E-03  -1.593885613770940E-15   4.259288234609304E-15
  -1.593885613770940E-15   3.746968315903889E-03  -1.088467008501878E-03
   4.259288234609304E-15  -1.088467008501878E-03   2.191761713345635E-03
      </IFC>
    </s_s1_m1_m2_m3.1.2.1.4.2>
    <s_s1_m1_m2_m3.1.2.2.4.2>
      <IFC>
  -8.715829247886095E-04   8.853696017902589E-04  -5.201116207460730E-04
   8.853696017902589E-04  -9.200446283053592E-04   1.466778195007437E-03
  -5.201116207460730E-04   1.466778195007437E-03   3.904629153202166E-05
      </IFC>
    </s_s1_m1_m2_m3.1.2.2.4.2>
    <s_s1_m1_m2_m3.1.2.3.4.2>
      <IFC>
   1.487534613877176E-03  -2.036131679927777E-16   3.447654488286656E-15
  -2.036131679927777E-16   1.487534613876730E-03  -1.990757819009259E-15
   3.447654488286656E-15  -1.990757819009259E-15  -2.079850033143604E-04
      </IFC>
    </s_s1_m1_m2_m3.1.2.3.4.2>
    <s_s1_m1_m2_m3.1.2.4.4.2>
      <IFC>
  -8.715829247888916E-04  -8.853696017884612E-04   5.201116207383661E-04
  -8.853696017884612E-04  -9.200446283071337E-04   1.466778195008296E-03
   5.201116207383661E-04   1.466778195008296E-03   3.904629153013466E-05
      </IFC>
    </s_s1_m1_m2_m3.1.2.4.4.2>
    <s_s1_m1_m2_m3.2.1.1.1.1>
      <IFC>
  -8.531641018859736E-03  -3.250644433632543E-03  -9.891648429373172E-03
  -3.250644433632543E-03  -4.778120141267349E-03  -5.710945883423735E-03
  -9.891648429373172E-03  -5.710945883423735E-03  -1.905564740211099E-02
      </IFC>
    </s_s1_m1_m2_m3.2.1.1.1.1>
    <s_s1_m1_m2_m3.2.1.2.1.1>
      <IFC>
  -1.674681769311636E-03  -4.217002677141039E-04  -1.530322988957683E-03
  -4.217002677141039E-04  -1.169457837785284E-04   2.829592211451533E-04
  -1.530322988957683E-03   2.829592211451533E-04   3.904629153865313E-05
      </IFC>
    </s_s1_m1_m2_m3.2.1.2.1.1>
    <s_s1_m1_m2_m3.2.1.3.1.1>
      <IFC>
  -1.674681769315201E-03   4.217002677169871E-04   1.530322988966657E-03
   4.217002677169871E-04  -1.169457837788807E-04   2.829592211341524E-04
   1.530322988966657E-03   2.829592211341524E-04   3.904629153202079E-05
      </IFC>
    </s_s1_m1_m2_m3.2.1.3.1.1>
    <s_s1_m1_m2_m3.2.1.4.1.1>
      <IFC>
  -8.531641018866942E-03   3.250644433629659E-03   9.891648429364198E-03
   3.250644433629659E-03  -4.778120141274315E-03  -5.710945883422159E-03
   9.891648429364198E-03  -5.710945883422159E-03  -1.905564740213435E-02
      </IFC>
    </s_s1_m1_m2_m3.2.1.4.1.1>
    <s_s1_m1_m2_m3.2.1.1.2.1>
      <IFC>
   1.845642155720874E-03  -1.593885613770940E-15  -4.259288234609304E-15
  -1.593885613770940E-15   3.746968315903889E-03   1.088467008501878E-03
  -4.259288234609304E-15   1.088467008501878E-03   2.191761713345635E-03
      </IFC>
    </s_s1_m1_m2_m3.2.1.1.2.1>
    <s_s1_m1_m2_m3.2.1.2.2.1>
      <IFC>
  -8.715829247888916E-04  -8.853696017884612E-04  -5.201116207383661E-04
  -8.853696017884612E-04  -9.200446283071337E-04  -1.466778195008296E-03
  -5.201116207383661E-04  -1.466778195008296E-03   3.904629153013466E-05
      </IFC>
    </s_s1_m1_m2_m3.2.1.2.2.1>
    <s_s1_m1_m2_m3.2.1.3.2.1>
      <IFC>
   1.487534613877176E-03  -2.036131679927777E-16  -3.447654488286656E-15
  -2.036131679927777E-16   1.487534613876730E-03   1.990757819009259E-15
  -3.447654488286656E-15   1.990757819009259E-15  -2.079850033143604E-04
      </IFC>
    </s_s1_m1_m2_m3.2.1.3.2.1>
    <s_s1_m1_m2_m3.2.1.4.2.1>
      <IFC>
  -8.715829247886095E-04   8.853696017902589E-04   5.201116207460730E-04
   8.853696017902589E-04  -9.200446283053592E-04  -1.466778195007437E-03
   5.201116207460730E-04  -1.466778195007437E-03   3.904629153202166E-05
      </IFC>
    </s_s1_m1_m2_m3.2.1.4.2.1>
    <s_s1_m1_m2_m3.2.1.1.3.1>
      <IFC>
  -4.007408380505215E-04  -7.644769337205714E-05   4.444148931154884E-04
  -7.644769337205714E-05  -3.124666453564891E-04   2.565830581773947E-04
   4.444148931154884E-04   2.565830581773947E-04   2.294873871057125E-04
      </IFC>
    </s_s1_m1_m2_m3.2.1.1.3.1>
    <s_s1_m1_m2_m3.2.1.2.3.1>
      <IFC>
  -4.007408380484973E-04   7.644769337175242E-05  -4.444148931150424E-04
   7.644769337175242E-05  -3.124666453542338E-04   2.565830581718312E-04
  -4.444148931150424E-04   2.565830581718312E-04   2.294873871139260E-04
      </IFC>
    </s_s1_m1_m2_m3.2.1.2.3.1>
    <s_s1_m1_m2_m3.2.1.3.3.1>
      <IFC>
  -1.411766355402964E-04  -4.636693340730191E-04   1.010211368225176E-03
  -4.636693340730191E-04  -1.650450917555625E-03   1.183818973867034E-03
   1.010211368225176E-03   1.183818973867034E-03   3.904629153013862E-05
      </IFC>
    </s_s1_m1_m2_m3.2.1.3.3.1>
    <s_s1_m1_m2_m3.2.1.4.3.1>
      <IFC>
  -1.411766355386796E-04   4.636693340733229E-04  -1.010211368225622E-03
   4.636693340733229E-04  -1.650450917551270E-03   1.183818973860021E-03
  -1.010211368225622E-03   1.183818973860021E-03   3.904629153864830E-05
      </IFC>
    </s_s1_m1_m2_m3.2.1.4.3.1>
    <s_s1_m1_m2_m3.2.1.1.4.1>
      <IFC>
   3.271636775861980E-03  -8.232983777967823E-04   9.426400805537853E-04
  -8.232983777967823E-04   2.320973695772876E-03  -5.442335042566244E-04
   9.426400805537853E-04  -5.442335042566244E-04   2.191761713360780E-03
      </IFC>
    </s_s1_m1_m2_m3.2.1.1.4.1>
    <s_s1_m1_m2_m3.2.1.2.4.1>
      <IFC>
  -2.683295490091017E-04  -2.517517444511341E-16  -4.597234051773036E-15
  -2.517517444511341E-16  -4.448779343978912E-04  -5.131661163468289E-04
  -4.597234051773036E-15  -5.131661163468289E-04   2.294873871057094E-04
      </IFC>
    </s_s1_m1_m2_m3.2.1.2.4.1>
    <s_s1_m1_m2_m3.2.1.3.4.1>
      <IFC>
   3.271636775859914E-03   8.232983777985792E-04  -9.426400805460784E-04
   8.232983777985792E-04   2.320973695765051E-03  -5.442335042472443E-04
  -9.426400805460784E-04  -5.442335042472443E-04   2.191761713345637E-03
      </IFC>
    </s_s1_m1_m2_m3.2.1.3.4.1>
    <s_s1_m1_m2_m3.2.1.4.4.1>
      <IFC>
  -2.901359702469491E-03  -1.544933885683220E-15  -3.109708671122924E-15
  -1.544933885683220E-15  -1.040840145765679E-02   1.142189176685287E-02
  -3.109708671122924E-15   1.142189176685287E-02  -1.905564740211099E-02
      </IFC>
    </s_s1_m1_m2_m3.2.1.4.4.1>
    <s_s1_m1_m2_m3.2.1.1.1.2>
      <IFC>
  -8.531641018859736E-03  -3.250644433632543E-03   9.891648429373172E-03
  -3.250644433632543E-03  -4.778120141267349E-03   5.710945883423735E-03
   9.891648429373172E-03   5.710945883423735E-03  -1.905564740211099E-02
      </IFC>
    </s_s1_m1_m2_m3.2.1.1.1.2>
    <s_s1_m1_m2_m3.2.1.2.1.2>
      <IFC>
  -1.674681769311636E-03  -4.217002677141039E-04   1.530322988957683E-03
  -4.217002677141039E-04  -1.169457837785284E-04  -2.829592211451533E-04
   1.530322988957683E-03  -2.829592211451533E-04   3.904629153865313E-05
      </IFC>
    </s_s1_m1_m2_m3.2.1.2.1.2>
    <s_s1_m1_m2_m3.2.1.3.1.2>
      <IFC>
  -1.674681769315201E-03   4.217002677169871E-04  -1.530322988966657E-03
   4.217002677169871E-04  -1.169457837788807E-04  -2.829592211341524E-04
  -1.530322988966657E-03  -2.829592211341524E-04   3.904629153202079E-05
      </IFC>
    </s_s1_m1_m2_m3.2.1.3.1.2>
    <s_s1_m1_m2_m3.2.1.4.1.2>
      <IFC>
  -8.531641018866942E-03   3.250644433629659E-03  -9.891648429364198E-03
   3.250644433629659E-03  -4.778120141274315E-03   5.710945883422159E-03
  -9.891648429364198E-03   5.710945883422159E-03  -1.905564740213435E-02
      </IFC>
    </s_s1_m1_m2_m3.2.1.4.1.2>
    <s_s1_m1_m2_m3.2.1.1.2.2>
      <IFC>
   1.845642155720874E-03  -1.593885613770940E-15   4.259288234609304E-15
  -1.593885613770940E-15   3.746968315903889E-03  -1.088467008501878E-03
   4.259288234609304E-15  -1.088467008501878E-03   2.191761713345635E-03
      </IFC>
    </s_s1_m1_m2_m3.2.1.1.2.2>
    <s_s1_m1_m2_m3.2.1.2.2.2>
      <IFC>
  -8.715829247888916E-04  -8.853696017884612E-04   5.201116207383661E-04
  -8.853696017884612E-04  -9.200446283071337E-04   1.466778195008296E-03
   5.201116207383661E-04   1.466778195008296E-03   3.904629153013466E-05
      </IFC>
    </s_s1_m1_m2_m3.2.1.2.2.2>
    <s_s1_m1_m2_m3.2.1.3.2.2>
      <IFC>
   1.487534613877176E-03  -2.036131679927777E-16   3.447654488286656E-15
  -2.036131679927777E-16   1.487534613876730E-03  -1.990757819009259E-15
   3.447654488286656E-15  -1.990757819009259E-15  -2.079850033143604E-04
      </IFC>
    </s_s1_m1_m2_m3.2.1.3.2.2>
    <s_s1_m1_m2_m3.2.1.4.2.2>
      <IFC>
  -8.715829247886095E-04   8.853696017902589E-04  -5.201116207460730E-04
   8.853696017902589E-04  -9.200446283053592E-04   1.466778195007437E-03
  -5.201116207460730E-04   1.466778195007437E-03   3.904629153202166E-05
      </IFC>
    </s_s1_m1_m2_m3.2.1.4.2.2>
    <s_s1_m1_m2_m3.2.1.1.3.2>
      <IFC>
  -4.007408380505215E-04  -7.644769337205714E-05  -4.444148931154884E-04
  -7.644769337205714E-05  -3.124666453564891E-04  -2.565830581773947E-04
  -4.444148931154884E-04  -2.565830581773947E-04   2.294873871057125E-04
      </IFC>
    </s_s1_m1_m2_m3.2.1.1.3.2>
    <s_s1_m1_m2_m3.2.1.2.3.2>
      <IFC>
  -4.007408380484973E-04   7.644769337175242E-05   4.444148931150424E-04
   7.644769337175242E-05  -3.124666453542338E-04  -2.565830581718312E-04
   4.444148931150424E-04  -2.565830581718312E-04   2.294873871139260E-04
      </IFC>
    </s_s1_m1_m2_m3.2.1.2.3.2>
    <s_s1_m1_m2_m3.2.1.3.3.2>
      <IFC>
  -1.411766355402964E-04  -4.636693340730191E-04  -1.010211368225176E-03
  -4.636693340730191E-04  -1.650450917555625E-03  -1.183818973867034E-03
  -1.010211368225176E-03  -1.183818973867034E-03   3.904629153013862E-05
      </IFC>
    </s_s1_m1_m2_m3.2.1.3.3.2>
    <s_s1_m1_m2_m3.2.1.4.3.2>
      <IFC>
  -1.411766355386796E-04   4.636693340733229E-04   1.010211368225622E-03
   4.636693340733229E-04  -1.650450917551270E-03  -1.183818973860021E-03
   1.010211368225622E-03  -1.183818973860021E-03   3.904629153864830E-05
      </IFC>
    </s_s1_m1_m2_m3.2.1.4.3.2>
    <s_s1_m1_m2_m3.2.1.1.4.2>
      <IFC>
   3.271636775861980E-03  -8.232983777967823E-04  -9.426400805537853E-04
  -8.232983777967823E-04   2.320973695772876E-03   5.442335042566244E-04
  -9.426400805537853E-04   5.442335042566244E-04   2.191761713360780E-03
      </IFC>
    </s_s1_m1_m2_m3.2.1.1.4.2>
    <s_s1_m1_m2_m3.2.1.2.4.2>
      <IFC>
  -2.683295490091017E-04  -2.517517444511341E-16   4.597234051773036E-15
  -2.517517444511341E-16  -4.448779343978912E-04   5.131661163468289E-04
   4.597234051773036E-15   5.131661163468289E-04   2.294873871057094E-04
      </IFC>
    </s_s1_m1_m2_m3.2.1.2.4.2>
    <s_s1_m1_m2_m3.2.1.3.4.2>
      <IFC>
   3.271636775859914E-03   8.232983777985792E-04   9.426400805460784E-04
   8.232983777985792E-04   2.320973695765051E-03   5.442335042472443E-04
   9.426400805460784E-04   5.442335042472443E-04   2.191761713345637E-03
      </IFC>
    </s_s1_m1_m2_m3.2.1.3.4.2>
    <s_s1_m1_m2_m3.2.1.4.4.2>
      <IFC>
  -2.901359702469491E-03  -1.544933885683220E-15   3.109708671122924E-15
  -1.544933885683220E-15  -1.040840145765679E-02  -1.142189176685287E-02
   3.109708671122924E-15  -1.142189176685287E-02  -1.905564740211099E-02
      </IFC>
    </s_s1_m1_m2_m3.2.1.4.4.2>
    <s_s1_m1_m2_m3.2.2.1.1.1>
      <IFC>
   9.864430948458063E-02   2.168404344971009E-19  -1.621687785939011E-37
   2.168404344971009E-19   9.864430948456665E-02   2.808845639260050E-37
  -1.621687785939011E-37   2.808845639260050E-37   9.722528994884586E-02
      </IFC>
    </s_s1_m1_m2_m3.2.2.1.1.1>
    <s_s1_m1_m2_m3.2.2.2.1.1>
      <IFC>
  -1.834016425672037E-02   4.183759524143713E-03  -1.621687785939011E-37
  -4.183759524143715E-03  -2.081373566333646E-03   2.808845639260050E-37
  -1.621687785939011E-37   2.808845639260050E-37   7.351291562635556E-04
      </IFC>
    </s_s1_m1_m2_m3.2.2.2.1.1>
    <s_s1_m1_m2_m3.2.2.3.1.1>
      <IFC>
   3.415916158820828E-04   1.084202172485504E-19  -1.621687785939011E-37
   1.084202172485504E-19  -5.286998889086703E-04   2.808845639260050E-37
  -1.621687785939011E-37   2.808845639260050E-37  -8.164421334292873E-04
      </IFC>
    </s_s1_m1_m2_m3.2.2.3.1.1>
    <s_s1_m1_m2_m3.2.2.4.1.1>
      <IFC>
  -1.834016425672037E-02  -4.183759524143715E-03  -1.621687785939011E-37
   4.183759524143713E-03  -2.081373566333646E-03   2.808845639260050E-37
  -1.621687785939011E-37   2.808845639260050E-37   7.351291562635556E-04
      </IFC>
    </s_s1_m1_m2_m3.2.2.4.1.1>
    <s_s1_m1_m2_m3.2.2.1.2.1>
      <IFC>
  -6.146071238930547E-03   1.122402241048751E-02  -1.621687785939011E-37
   2.856503362200080E-03  -1.427546658412174E-02   2.808845639260050E-37
  -1.621687785939011E-37   2.808845639260050E-37   7.351291562635569E-04
      </IFC>
    </s_s1_m1_m2_m3.2.2.1.2.1>
    <s_s1_m1_m2_m3.2.2.2.2.1>
      <IFC>
  -6.146071238930549E-03  -1.122402241048751E-02  -1.621687785939011E-37
  -2.856503362200079E-03  -1.427546658412174E-02   2.808845639260050E-37
  -1.621687785939011E-37   2.808845639260050E-37   7.351291562635556E-04
      </IFC>
    </s_s1_m1_m2_m3.2.2.2.2.1>
    <s_s1_m1_m2_m3.2.2.3.2.1>
      <IFC>
  -1.746108419307744E-03  -1.403863584978746E-03  -1.621687785939011E-37
  -1.403863584978746E-03  -1.250663819216272E-04   2.808845639260050E-37
  -1.621687785939011E-37   2.808845639260050E-37  -1.837093890913050E-04
      </IFC>
    </s_s1_m1_m2_m3.2.2.3.2.1>
    <s_s1_m1_m2_m3.2.2.4.2.1>
      <IFC>
  -1.746108419307744E-03   1.403863584978747E-03  -1.621687785939011E-37
   1.403863584978747E-03  -1.250663819216263E-04   2.808845639260050E-37
  -1.621687785939011E-37   2.808845639260050E-37  -1.837093890913045E-04
      </IFC>
    </s_s1_m1_m2_m3.2.2.4.2.1>
    <s_s1_m1_m2_m3.2.2.1.3.1>
      <IFC>
  -3.111270127110558E-04  -3.768472759232988E-04  -1.621687785939011E-37
  -3.768472759232988E-04   1.240187396843589E-04   2.808845639260050E-37
  -1.621687785939011E-37   2.808845639260050E-37  -8.164421334292890E-04
      </IFC>
    </s_s1_m1_m2_m3.2.2.1.3.1>
    <s_s1_m1_m2_m3.2.2.2.3.1>
      <IFC>
   6.854546367714206E-04  -6.505213034913027E-19  -1.621687785939011E-37
  -6.505213034913027E-19  -2.556629438000432E-03   2.808845639260050E-37
  -1.621687785939011E-37   2.808845639260050E-37  -1.837093890913045E-04
      </IFC>
    </s_s1_m1_m2_m3.2.2.2.3.1>
    <s_s1_m1_m2_m3.2.2.3.3.1>
      <IFC>
  -3.111270127110566E-04   3.768472759232991E-04  -1.621687785939011E-37
   3.768472759232991E-04   1.240187396843546E-04   2.808845639260050E-37
  -1.621687785939011E-37   2.808845639260050E-37  -8.164421334292873E-04
      </IFC>
    </s_s1_m1_m2_m3.2.2.3.3.1>
    <s_s1_m1_m2_m3.2.2.4.3.1>
      <IFC>
   6.854546367714206E-04  -6.505213034913027E-19  -1.621687785939011E-37
  -6.505213034913027E-19  -2.556629438000432E-03   2.808845639260050E-37
  -1.621687785939011E-37   2.808845639260050E-37  -1.837093890913045E-04
      </IFC>
    </s_s1_m1_m2_m3.2.2.4.3.1>
    <s_s1_m1_m2_m3.2.2.1.4.1>
      <IFC>
  -6.146071238930547E-03   2.856503362200080E-03  -1.621687785939011E-37
   1.122402241048751E-02  -1.427546658412174E-02   2.808845639260050E-37
  -1.621687785939011E-37   2.808845639260050E-37   7.351291562635569E-04
      </IFC>
    </s_s1_m1_m2_m3.2.2.1.4.1>
    <s_s1_m1_m2_m3.2.2.2.4.1>
      <IFC>
  -1.746108419307744E-03   1.403863584978747E-03  -1.621687785939011E-37
   1.403863584978747E-03  -1.250663819216263E-04   2.808845639260050E-37
  -1.621687785939011E-37   2.808845639260050E-37  -1.837093890913045E-04
      </IFC>
    </s_s1_m1_m2_m3.2.2.2.4.1>
    <s_s1_m1_m2_m3.2.2.3.4.1>
      <IFC>
  -1.746108419307744E-03  -1.403863584978746E-03  -1.621687785939011E-37
  -1.403863584978746E-03  -1.250663819216272E-04   2.808845639260050E-37
  -1.621687785939011E-37   2.808845639260050E-37  -1.837093890913050E-04
      </IFC>
    </s_s1_m1_m2_m3.2.2.3.4.1>
    <s_s1_m1_m2_m3.2.2.4.4.1>
      <IFC>
  -6.146071238930549E-03  -2.856503362200079E-03  -1.621687785939011E-37
  -1.122402241048751E-02  -1.427546658412174E-02   2.808845639260050E-37
  -1.621687785939011E-37   2.808845639260050E-37   7.351291562635556E-04
      </IFC>
    </s_s1_m1_m2_m3.2.2.4.4.1>
    <s_s1_m1_m2_m3.2.2.1.1.2>
      <IFC>
   4.004728099201341E-03   6.505213034913027E-19   1.621687785939011E-37
   6.505213034913027E-19   4.004728099200786E-03  -2.808845639260050E-37
   1.621687785939011E-37  -2.808845639260050E-37   1.462722777666087E-02
      </IFC>
    </s_s1_m1_m2_m3.2.2.1.1.2>
    <s_s1_m1_m2_m3.2.2.2.1.2>
      <IFC>
  -7.287514846914134E-04   1.440526322571364E-04   1.621687785939011E-37
  -1.440526322571364E-04  -2.974322707963656E-04  -2.808845639260050E-37
   1.621687785939011E-37  -2.808845639260050E-37  -2.047299838632659E-03
      </IFC>
    </s_s1_m1_m2_m3.2.2.2.1.2>
    <s_s1_m1_m2_m3.2.2.3.1.2>
      <IFC>
   1.384128248186224E-03   7.589415207398531E-19   1.621687785939011E-37
   7.589415207398531E-19   7.771212091085573E-05  -2.808845639260050E-37
   1.621687785939011E-37  -2.808845639260050E-37   1.089449139193207E-03
      </IFC>
    </s_s1_m1_m2_m3.2.2.3.1.2>
    <s_s1_m1_m2_m3.2.2.4.1.2>
      <IFC>
  -7.287514846914134E-04  -1.440526322571364E-04   1.621687785939011E-37
   1.440526322571364E-04  -2.974322707963656E-04  -2.808845639260050E-37
   1.621687785939011E-37  -2.808845639260050E-37  -2.047299838632659E-03
      </IFC>
    </s_s1_m1_m2_m3.2.2.4.1.2>
    <s_s1_m1_m2_m3.2.2.1.2.2>
      <IFC>
  -4.052620742701542E-04   3.308193304438298E-04   1.621687785939011E-37
   4.271406592955794E-05  -6.209216812175719E-04  -2.808845639260050E-37
   1.621687785939011E-37  -2.808845639260050E-37  -2.047299838632661E-03
      </IFC>
    </s_s1_m1_m2_m3.2.2.1.2.2>
    <s_s1_m1_m2_m3.2.2.2.2.2>
      <IFC>
  -4.052620742701560E-04  -3.308193304438298E-04   1.621687785939011E-37
  -4.271406592955751E-05  -6.209216812175736E-04  -2.808845639260050E-37
   1.621687785939011E-37  -2.808845639260050E-37  -2.047299838632659E-03
      </IFC>
    </s_s1_m1_m2_m3.2.2.2.2.2>
    <s_s1_m1_m2_m3.2.2.3.2.2>
      <IFC>
  -4.410475926998414E-04  -2.135690345206022E-04   1.621687785939011E-37
  -2.135690345206022E-04  -1.944393135577148E-04  -2.808845639260050E-37
   1.621687785939011E-37  -2.808845639260050E-37  -7.125848098477015E-04
      </IFC>
    </s_s1_m1_m2_m3.2.2.3.2.2>
    <s_s1_m1_m2_m3.2.2.4.2.2>
      <IFC>
  -4.410475926998423E-04   2.135690345206020E-04   1.621687785939011E-37
   2.135690345206019E-04  -1.944393135577148E-04  -2.808845639260050E-37
   1.621687785939011E-37  -2.808845639260050E-37  -7.125848098477020E-04
      </IFC>
    </s_s1_m1_m2_m3.2.2.4.2.2>
    <s_s1_m1_m2_m3.2.2.1.3.2>
      <IFC>
   4.043161527296987E-04  -5.656947770670306E-04   1.621687785939011E-37
  -5.656947770670306E-04   1.057524216367234E-03  -2.808845639260050E-37
   1.621687785939011E-37  -2.808845639260050E-37   1.089449139193205E-03
      </IFC>
    </s_s1_m1_m2_m3.2.2.1.3.2>
    <s_s1_m1_m2_m3.2.2.2.3.2>
      <IFC>
  -7.113517398669479E-05   2.168404344971009E-19   1.621687785939011E-37
   2.168404344971009E-19  -5.643517322708102E-04  -2.808845639260050E-37
   1.621687785939011E-37  -2.808845639260050E-37  -7.125848098477020E-04
      </IFC>
    </s_s1_m1_m2_m3.2.2.2.3.2>
    <s_s1_m1_m2_m3.2.2.3.3.2>
      <IFC>
   4.043161527297031E-04   5.656947770670320E-04   1.621687785939011E-37
   5.656947770670320E-04   1.057524216367228E-03  -2.808845639260050E-37
   1.621687785939011E-37  -2.808845639260050E-37   1.089449139193207E-03
      </IFC>
    </s_s1_m1_m2_m3.2.2.3.3.2>
    <s_s1_m1_m2_m3.2.2.4.3.2>
      <IFC>
  -7.113517398669479E-05   2.168404344971009E-19   1.621687785939011E-37
   2.168404344971009E-19  -5.643517322708102E-04  -2.808845639260050E-37
   1.621687785939011E-37  -2.808845639260050E-37  -7.125848098477020E-04
      </IFC>
    </s_s1_m1_m2_m3.2.2.4.3.2>
    <s_s1_m1_m2_m3.2.2.1.4.2>
      <IFC>
  -4.052620742701542E-04   4.271406592955794E-05   1.621687785939011E-37
   3.308193304438298E-04  -6.209216812175719E-04  -2.808845639260050E-37
   1.621687785939011E-37  -2.808845639260050E-37  -2.047299838632661E-03
      </IFC>
    </s_s1_m1_m2_m3.2.2.1.4.2>
    <s_s1_m1_m2_m3.2.2.2.4.2>
      <IFC>
  -4.410475926998423E-04   2.135690345206019E-04   1.621687785939011E-37
   2.135690345206020E-04  -1.944393135577148E-04  -2.808845639260050E-37
   1.621687785939011E-37  -2.808845639260050E-37  -7.125848098477020E-04
      </IFC>
    </s_s1_m1_m2_m3.2.2.2.4.2>
    <s_s1_m1_m2_m3.2.2.3.4.2>
