<?xml version="1.0" encoding="UTF-8"?>
<Root>
  <GEOMETRY_INFO>
    <NUMBER_OF_TYPES>1</NUMBER_OF_TYPES>
    <NUMBER_OF_ATOMS>2</NUMBER_OF_ATOMS>
    <BRAVAIS_LATTICE_INDEX>4</BRAVAIS_LATTICE_INDEX>
    <SPIN_COMPONENTS>1</SPIN_COMPONENTS>
    <CELL_DIMENSIONS>
   6.093687070000000E+00   0.000000000000000E+00   1.546365030000000E+00
   0.000000000000000E+00   0.000000000000000E+00   0.000000000000000E+00
    </CELL_DIMENSIONS>
    <AT>
   1.000000000000000E+00   0.000000000000000E+00   0.000000000000000E+00
  -5.000000000000000E-01   8.660254037844999E-01   0.000000000000000E+00
   0.000000000000000E+00   0.000000000000000E+00   1.546365030000000E+00
    </AT>
    <BG>
   1.000000000000000E+00   5.773502691895849E-01  -0.000000000000000E+00
   0.000000000000000E+00   1.154700538379170E+00   0.000000000000000E+00
   0.000000000000000E+00  -0.000000000000000E+00   6.466778416477770E-01
    </BG>
    <UNIT_CELL_VOLUME_AU>303.02823464859011</UNIT_CELL_VOLUME_AU>
    <TYPE_NAME.1>Sc</TYPE_NAME.1>
    <MASS.1>44.595999999999997</MASS.1>
    <ATOM.1 SPECIES="Sc" INDEX="1" TAU="0.0000000000000000 0.0000000000000000 0.0000000000000000"/>
    <ATOM.2 SPECIES="Sc" INDEX="1" TAU="0.50000000000050004 0.28867513459454475 0.77318251500000001"/>
    <NUMBER_OF_Q>2</NUMBER_OF_Q>
  </GEOMETRY_INFO>
  <DIELECTRIC_PROPERTIES epsil="false" zstar="false" raman="false">
  </DIELECTRIC_PROPERTIES>
  <INTERATOMIC_FORCE_CONSTANTS>
    <MESH_NQ1_NQ2_NQ3>
                 6                 6                 4
    </MESH_NQ1_NQ2_NQ3>
    <s_s1_m1_m2_m3.1.1.1.1.1>
      <IFC>
   9.850943901692472E-02  -5.300543954373578E-19   2.883000508336020E-37
  -5.300543954373578E-19   9.850943901691074E-02  -8.322505597807552E-38
   2.883000508336020E-37  -8.322505597807552E-38   9.559603761361396E-02
      </IFC>
    </s_s1_m1_m2_m3.1.1.1.1.1>
    <s_s1_m1_m2_m3.1.1.2.1.1>
      <IFC>
  -1.842797440533262E-02  -4.210914908460850E-03   4.443470307925047E-37
   4.210914908460850E-03  -2.078384835439061E-03  -1.244373154225873E-38
   1.322530708746994E-37   9.566878752033437E-38   7.907618921898400E-04
      </IFC>
    </s_s1_m1_m2_m3.1.1.2.1.1>
    <s_s1_m1_m2_m3.1.1.3.1.1>
      <IFC>
   1.814910038546931E-04   1.912542974263542E-04   1.322530708746994E-37
  -1.912542974263528E-04  -3.102026846748251E-04   9.566878752033437E-38
   4.443470307925047E-37  -1.244373154225873E-38  -3.570341157423117E-04
      </IFC>
    </s_s1_m1_m2_m3.1.1.3.1.1>
    <s_s1_m1_m2_m3.1.1.4.1.1>
      <IFC>
   1.191752842138167E-04  -4.336808689942018E-19   2.883000508336020E-37
  -4.336808689942018E-19   4.052852817013228E-05  -8.322505597807552E-38
   2.883000508336020E-37  -8.322505597807552E-38   1.261403226932274E-05
      </IFC>
    </s_s1_m1_m2_m3.1.1.4.1.1>
    <s_s1_m1_m2_m3.1.1.5.1.1>
      <IFC>
   1.814910038546931E-04  -1.912542974263528E-04   4.443470307925047E-37
   1.912542974263542E-04  -3.102026846748251E-04  -1.244373154225873E-38
   1.322530708746994E-37   9.566878752033437E-38  -3.570341157423117E-04
      </IFC>
    </s_s1_m1_m2_m3.1.1.5.1.1>
    <s_s1_m1_m2_m3.1.1.6.1.1>
      <IFC>
  -1.842797440533262E-02   4.210914908460850E-03   1.322530708746994E-37
  -4.210914908460850E-03  -2.078384835439061E-03   9.566878752033437E-38
   4.443470307925047E-37  -1.244373154225873E-38   7.907618921898400E-04
      </IFC>
    </s_s1_m1_m2_m3.1.1.6.1.1>
    <s_s1_m1_m2_m3.1.1.1.2.1>
      <IFC>
  -6.165782227912673E-03   2.868665046026978E-03   4.443470307925047E-37
   1.129049486294868E-02  -1.434057701285727E-02  -1.244373154225873E-38
   1.322530708746994E-37   9.566878752033437E-38   7.907618921898403E-04
      </IFC>
    </s_s1_m1_m2_m3.1.1.1.2.1>
    <s_s1_m1_m2_m3.1.1.2.2.1>
      <IFC>
  -6.165782227912673E-03  -2.868665046026978E-03   1.322530708746993E-37
  -1.129049486294868E-02  -1.434057701285727E-02   9.566878752033437E-38
   4.443470307925048E-37  -1.244373154225875E-38   7.907618921898399E-04
      </IFC>
    </s_s1_m1_m2_m3.1.1.2.2.1>
    <s_s1_m1_m2_m3.1.1.3.2.1>
      <IFC>
  -1.584858159469765E-03  -1.324631667257075E-03   2.883000508336020E-37
  -1.324631667257075E-03  -5.530526013370248E-05  -8.322505597807551E-38
   2.883000508336020E-37  -8.322505597807552E-38  -2.324259172351864E-04
      </IFC>
    </s_s1_m1_m2_m3.1.1.3.2.1>
    <s_s1_m1_m2_m3.1.1.4.2.1>
      <IFC>
  -9.698330145054050E-05   1.192776890117772E-05   4.443470307925047E-37
   5.263291440304611E-05  -1.387015781289236E-05  -1.244373154225873E-38
   1.322530708746994E-37   9.566878752033437E-38   3.226988093520488E-05
      </IFC>
    </s_s1_m1_m2_m3.1.1.4.2.1>
    <s_s1_m1_m2_m3.1.1.5.2.1>
      <IFC>
  -9.698330145054073E-05  -1.192776890117732E-05   1.322530708746993E-37
  -5.263291440304555E-05  -1.387015781289039E-05   9.566878752033437E-38
   4.443470307925048E-37  -1.244373154225875E-38   3.226988093520449E-05
      </IFC>
    </s_s1_m1_m2_m3.1.1.5.2.1>
    <s_s1_m1_m2_m3.1.1.6.2.1>
      <IFC>
  -1.584858159469766E-03   1.324631667257075E-03   2.883000508336020E-37
   1.324631667257075E-03  -5.530526013370325E-05  -8.322505597807551E-38
   2.883000508336020E-37  -8.322505597807552E-38  -2.324259172351871E-04
      </IFC>
    </s_s1_m1_m2_m3.1.1.6.2.1>
    <s_s1_m1_m2_m3.1.1.1.3.1>
      <IFC>
  -1.872792625424832E-04  -2.165531514716915E-05   1.322530708746994E-37
  -4.041639099998760E-04   5.856758172229853E-05   9.566878752033437E-38
   4.443470307925047E-37  -1.244373154225873E-38  -3.570341157423153E-04
      </IFC>
    </s_s1_m1_m2_m3.1.1.1.3.1>
    <s_s1_m1_m2_m3.1.1.2.3.1>
      <IFC>
   7.094711895343232E-04   7.032255757649035E-19   2.883000508336020E-37
   6.508977625789712E-19  -2.349634609137468E-03  -8.322505597807552E-38
   2.883000508336020E-37  -8.322505597807551E-38  -2.324259172351871E-04
      </IFC>
    </s_s1_m1_m2_m3.1.1.2.3.1>
    <s_s1_m1_m2_m3.1.1.3.3.1>
      <IFC>
  -1.872792625424804E-04   2.165531514716782E-05   4.443470307925048E-37
   4.041639099998748E-04   5.856758172229371E-05  -1.244373154225875E-38
   1.322530708746993E-37   9.566878752033437E-38  -3.570341157423111E-04
      </IFC>
    </s_s1_m1_m2_m3.1.1.3.3.1>
    <s_s1_m1_m2_m3.1.1.4.3.1>
      <IFC>
  -6.692847808728104E-06   5.036966876991736E-07   1.322530708746994E-37
  -4.020144881416922E-05  -1.041606114546833E-04   9.566878752033437E-38
   4.443470307925047E-37  -1.244373154225873E-38   3.226988093520488E-05
      </IFC>
    </s_s1_m1_m2_m3.1.1.4.3.1>
    <s_s1_m1_m2_m3.1.1.5.3.1>
      <IFC>
   8.437240964976884E-05   4.065758146820642E-19   2.883000508336020E-37
   3.813530558082694E-19   8.437240964976299E-05  -8.322505597807552E-38
   2.883000508336020E-37  -8.322505597807551E-38  -7.277084707206429E-05
      </IFC>
    </s_s1_m1_m2_m3.1.1.5.3.1>
    <s_s1_m1_m2_m3.1.1.6.3.1>
      <IFC>
  -6.692847808727755E-06  -5.036966876989025E-07   4.443470307925048E-37
   4.020144881416937E-05  -1.041606114546821E-04  -1.244373154225875E-38
   1.322530708746993E-37   9.566878752033437E-38   3.226988093520485E-05
      </IFC>
    </s_s1_m1_m2_m3.1.1.6.3.1>
    <s_s1_m1_m2_m3.1.1.1.4.1>
      <IFC>
   6.019021718105101E-05  -3.405504432952996E-05   2.883000508336020E-37
  -3.405504432952996E-05   9.951359520287941E-05  -8.322505597807552E-38
   2.883000508336020E-37  -8.322505597807552E-38   1.261403226931907E-05
      </IFC>
    </s_s1_m1_m2_m3.1.1.1.4.1>
    <s_s1_m1_m2_m3.1.1.2.4.1>
      <IFC>
  -6.260403963587382E-05   3.177664496441251E-05   4.443470307925047E-37
   7.248179046628089E-05  -4.824941962754935E-05  -1.244373154225873E-38
   1.322530708746994E-37   9.566878752033437E-38   3.226988093520488E-05
      </IFC>
    </s_s1_m1_m2_m3.1.1.2.4.1>
    <s_s1_m1_m2_m3.1.1.3.4.1>
      <IFC>
  -6.260403963587508E-05  -3.177664496441317E-05   1.322530708746994E-37
  -7.248179046628139E-05  -4.824941962754935E-05   9.566878752033437E-38
   4.443470307925047E-37  -1.244373154225873E-38   3.226988093520450E-05
      </IFC>
    </s_s1_m1_m2_m3.1.1.3.4.1>
    <s_s1_m1_m2_m3.1.1.4.4.1>
      <IFC>
   6.019021718105410E-05   3.405504432953146E-05   2.883000508336020E-37
   3.405504432953146E-05   9.951359520288182E-05  -8.322505597807552E-38
   2.883000508336020E-37  -8.322505597807552E-38   1.261403226932274E-05
      </IFC>
    </s_s1_m1_m2_m3.1.1.4.4.1>
    <s_s1_m1_m2_m3.1.1.5.4.1>
      <IFC>
  -6.260403963587508E-05  -7.248179046628139E-05   4.443470307925047E-37
  -3.177664496441317E-05  -4.824941962754935E-05  -1.244373154225873E-38
   1.322530708746994E-37   9.566878752033437E-38   3.226988093520450E-05
      </IFC>
    </s_s1_m1_m2_m3.1.1.5.4.1>
    <s_s1_m1_m2_m3.1.1.6.4.1>
      <IFC>
  -6.260403963587382E-05   7.248179046628089E-05   1.322530708746994E-37
   3.177664496441251E-05  -4.824941962754935E-05   9.566878752033437E-38
   4.443470307925047E-37  -1.244373154225873E-38   3.226988093520488E-05
      </IFC>
    </s_s1_m1_m2_m3.1.1.6.4.1>
    <s_s1_m1_m2_m3.1.1.1.5.1>
      <IFC>
  -1.872792625424832E-04  -4.041639099998760E-04   4.443470307925047E-37
  -2.165531514716915E-05   5.856758172229853E-05  -1.244373154225873E-38
   1.322530708746994E-37   9.566878752033437E-38  -3.570341157423153E-04
      </IFC>
    </s_s1_m1_m2_m3.1.1.1.5.1>
    <s_s1_m1_m2_m3.1.1.2.5.1>
      <IFC>
  -6.692847808727755E-06   4.020144881416937E-05   1.322530708746993E-37
  -5.036966876989025E-07  -1.041606114546821E-04   9.566878752033437E-38
   4.443470307925048E-37  -1.244373154225875E-38   3.226988093520485E-05
      </IFC>
    </s_s1_m1_m2_m3.1.1.2.5.1>
    <s_s1_m1_m2_m3.1.1.3.5.1>
      <IFC>
   8.437240964976884E-05   3.813530558082694E-19   2.883000508336020E-37
   4.065758146820642E-19   8.437240964976299E-05  -8.322505597807551E-38
   2.883000508336020E-37  -8.322505597807552E-38  -7.277084707206429E-05
      </IFC>
    </s_s1_m1_m2_m3.1.1.3.5.1>
    <s_s1_m1_m2_m3.1.1.4.5.1>
      <IFC>
  -6.692847808728104E-06  -4.020144881416922E-05   4.443470307925047E-37
   5.036966876991736E-07  -1.041606114546833E-04  -1.244373154225873E-38
   1.322530708746994E-37   9.566878752033437E-38   3.226988093520488E-05
      </IFC>
    </s_s1_m1_m2_m3.1.1.4.5.1>
    <s_s1_m1_m2_m3.1.1.5.5.1>
      <IFC>
  -1.872792625424804E-04   4.041639099998748E-04   1.322530708746993E-37
   2.165531514716782E-05   5.856758172229371E-05   9.566878752033437E-38
   4.443470307925048E-37  -1.244373154225875E-38  -3.570341157423111E-04
      </IFC>
    </s_s1_m1_m2_m3.1.1.5.5.1>
    <s_s1_m1_m2_m3.1.1.6.5.1>
      <IFC>
   7.094711895343232E-04   6.508977625789712E-19   2.883000508336020E-37
   7.032255757649035E-19  -2.349634609137468E-03  -8.322505597807551E-38
   2.883000508336020E-37  -8.322505597807552E-38  -2.324259172351871E-04
      </IFC>
    </s_s1_m1_m2_m3.1.1.6.5.1>
    <s_s1_m1_m2_m3.1.1.1.6.1>
      <IFC>
  -6.165782227912673E-03   1.129049486294868E-02   1.322530708746994E-37
   2.868665046026978E-03  -1.434057701285727E-02   9.566878752033437E-38
   4.443470307925047E-37  -1.244373154225873E-38   7.907618921898403E-04
      </IFC>
    </s_s1_m1_m2_m3.1.1.1.6.1>
    <s_s1_m1_m2_m3.1.1.2.6.1>
      <IFC>
  -1.584858159469766E-03   1.324631667257075E-03   2.883000508336020E-37
   1.324631667257075E-03  -5.530526013370325E-05  -8.322505597807552E-38
   2.883000508336020E-37  -8.322505597807551E-38  -2.324259172351871E-04
      </IFC>
    </s_s1_m1_m2_m3.1.1.2.6.1>
    <s_s1_m1_m2_m3.1.1.3.6.1>
      <IFC>
  -9.698330145054073E-05  -5.263291440304555E-05   4.443470307925048E-37
  -1.192776890117732E-05  -1.387015781289039E-05  -1.244373154225875E-38
   1.322530708746993E-37   9.566878752033437E-38   3.226988093520449E-05
      </IFC>
    </s_s1_m1_m2_m3.1.1.3.6.1>
    <s_s1_m1_m2_m3.1.1.4.6.1>
      <IFC>
  -9.698330145054050E-05   5.263291440304611E-05   1.322530708746994E-37
   1.192776890117772E-05  -1.387015781289236E-05   9.566878752033437E-38
   4.443470307925047E-37  -1.244373154225873E-38   3.226988093520488E-05
      </IFC>
    </s_s1_m1_m2_m3.1.1.4.6.1>
    <s_s1_m1_m2_m3.1.1.5.6.1>
      <IFC>
  -1.584858159469765E-03  -1.324631667257075E-03   2.883000508336020E-37
  -1.324631667257075E-03  -5.530526013370248E-05  -8.322505597807552E-38
   2.883000508336020E-37  -8.322505597807551E-38  -2.324259172351864E-04
      </IFC>
    </s_s1_m1_m2_m3.1.1.5.6.1>
    <s_s1_m1_m2_m3.1.1.6.6.1>
      <IFC>
  -6.165782227912673E-03  -1.129049486294868E-02   4.443470307925048E-37
  -2.868665046026978E-03  -1.434057701285727E-02  -1.244373154225875E-38
   1.322530708746993E-37   9.566878752033437E-38   7.907618921898399E-04
      </IFC>
    </s_s1_m1_m2_m3.1.1.6.6.1>
    <s_s1_m1_m2_m3.1.1.1.1.2>
      <IFC>
   2.024883246212481E-03   4.818676322157797E-20   1.204669080539449E-20
   4.818676322157797E-20   2.024883246212195E-03   3.011672701348623E-21
  -1.204669080539449E-20  -3.011672701348623E-21   7.295752436301798E-03
      </IFC>
    </s_s1_m1_m2_m3.1.1.1.1.2>
    <s_s1_m1_m2_m3.1.1.2.1.2>
      <IFC>
  -4.121921422644482E-04  -6.013307334384838E-05   1.083305312005190E-04
   6.013307334384915E-05  -1.345356520401139E-04  -2.455892600142158E-04
   1.083305312005190E-04   2.455892600142158E-04  -1.000257906813442E-03
      </IFC>
    </s_s1_m1_m2_m3.1.1.2.1.2>
    <s_s1_m1_m2_m3.1.1.3.1.2>
      <IFC>
   3.360543098958831E-04   1.147542927216154E-04   2.280963433177792E-04
  -1.147542927216175E-04   9.787707453869898E-06  -8.422438737315699E-05
   2.280963433177792E-04   8.422438737315700E-05   2.647942165401991E-04
      </IFC>
    </s_s1_m1_m2_m3.1.1.3.1.2>
    <s_s1_m1_m2_m3.1.1.4.1.2>
      <IFC>
   8.188970296937592E-05   1.084202172485504E-18  -1.505836350674312E-21
   1.084202172485504E-18  -2.646038577818462E-05  -3.706078905295027E-05
   1.505836350674311E-21   3.706078905295027E-05  -1.376308919298514E-05
      </IFC>
    </s_s1_m1_m2_m3.1.1.4.1.2>
    <s_s1_m1_m2_m3.1.1.5.1.2>
      <IFC>
   3.360543098958831E-04  -1.147542927216175E-04  -2.280963433177792E-04
   1.147542927216154E-04   9.787707453869898E-06  -8.422438737315700E-05
  -2.280963433177792E-04   8.422438737315699E-05   2.647942165401991E-04
      </IFC>
    </s_s1_m1_m2_m3.1.1.5.1.2>
    <s_s1_m1_m2_m3.1.1.6.1.2>
      <IFC>
  -4.121921422644482E-04   6.013307334384915E-05  -1.083305312005190E-04
  -6.013307334384838E-05  -1.345356520401139E-04  -2.455892600142158E-04
  -1.083305312005190E-04   2.455892600142158E-04  -1.000257906813442E-03
      </IFC>
    </s_s1_m1_m2_m3.1.1.6.1.2>
    <s_s1_m1_m2_m3.1.1.1.2.2>
      <IFC>
  -2.039497745962127E-04   6.009571368608321E-05   1.585212724686884E-04
   1.803618603737807E-04  -3.427780197083206E-04   2.166116220322134E-04
  -2.668518036692073E-04  -2.897763798200240E-05  -1.000257906813442E-03
      </IFC>
    </s_s1_m1_m2_m3.1.1.1.2.2>
    <s_s1_m1_m2_m3.1.1.2.2.2>
      <IFC>
  -2.039497745962133E-04  -6.009571368608301E-05  -1.585212724686884E-04
  -1.803618603737807E-04  -3.427780197083217E-04   2.166116220322134E-04
   2.668518036692073E-04  -2.897763798200238E-05  -1.000257906813442E-03
      </IFC>
    </s_s1_m1_m2_m3.1.1.2.2.2>
    <s_s1_m1_m2_m3.1.1.3.2.2>
      <IFC>
  -1.724456455871670E-04  -9.968555101933878E-05   5.488858173013401E-05
  -9.968555101933878E-05  -5.733868615649018E-05   3.168993743732738E-05
  -4.988608374913920E-04  -2.880174388137970E-04  -2.656928559522761E-04
      </IFC>
    </s_s1_m1_m2_m3.1.1.3.2.2>
    <s_s1_m1_m2_m3.1.1.4.2.2>
      <IFC>
  -6.170674289700453E-05  -4.889881059119066E-05  -9.113244277966065E-05
   1.529496334241363E-05   2.068939180382087E-05   2.542339307200300E-05
  -5.952958484209545E-05  -8.231199042532769E-05  -5.355140032616291E-05
      </IFC>
    </s_s1_m1_m2_m3.1.1.4.2.2>
    <s_s1_m1_m2_m3.1.1.5.2.2>
      <IFC>
  -6.170674289700511E-05   4.889881059119019E-05   9.113244277966063E-05
  -1.529496334241401E-05   2.068939180382014E-05   2.542339307200303E-05
   5.952958484209541E-05  -8.231199042532768E-05  -5.355140032616273E-05
      </IFC>
    </s_s1_m1_m2_m3.1.1.5.2.2>
    <s_s1_m1_m2_m3.1.1.6.2.2>
      <IFC>
  -1.724456455871671E-04   9.968555101933916E-05  -5.488858173013399E-05
   9.968555101933916E-05  -5.733868615648902E-05   3.168993743732740E-05
   4.988608374913922E-04  -2.880174388137970E-04  -2.656928559522764E-04
      </IFC>
    </s_s1_m1_m2_m3.1.1.6.2.2>
    <s_s1_m1_m2_m3.1.1.1.3.2>
      <IFC>
   9.135435806437319E-05  -2.652329033898348E-05  -4.110771257554916E-05
  -2.560318757822164E-04   2.544876592853431E-04   2.396494215100982E-04
  -1.869886307422301E-04   1.554250341369412E-04   2.647942165401981E-04
      </IFC>
    </s_s1_m1_m2_m3.1.1.1.3.2>
    <s_s1_m1_m2_m3.1.1.2.3.2>
      <IFC>
   2.147935588401398E-07   7.228014483236696E-20   1.204669080539449E-20
  -2.597567704913188E-20  -2.299991253024699E-04  -5.760348776275940E-04
   3.011672701348623E-21   6.337987487465481E-05  -2.656928559522763E-04
      </IFC>
    </s_s1_m1_m2_m3.1.1.2.3.2>
    <s_s1_m1_m2_m3.1.1.3.3.2>
      <IFC>
   9.135435806437406E-05   2.652329033898348E-05   4.110771257554913E-05
   2.560318757822164E-04   2.544876592853468E-04   2.396494215100982E-04
   1.869886307422300E-04   1.554250341369412E-04   2.647942165401991E-04
      </IFC>
    </s_s1_m1_m2_m3.1.1.3.3.2>
    <s_s1_m1_m2_m3.1.1.4.3.2>
      <IFC>
  -1.446053456254931E-05  -1.198264775767006E-05  -2.354891713907685E-05
  -7.617642169127436E-05  -2.655681653062693E-05  -9.163470709211375E-05
  -1.010490671654480E-04  -1.039813753732816E-05  -5.355140032616291E-05
      </IFC>
    </s_s1_m1_m2_m3.1.1.4.3.2>
    <s_s1_m1_m2_m3.1.1.5.3.2>
      <IFC>
   1.818080375638578E-05  -1.535953077687798E-19   1.204669080539449E-20
  -1.426779942263910E-19   1.818080375638455E-05  -1.204669080539449E-20
   1.204669080539449E-20  -4.818676322157797E-20   3.164119649183812E-05
      </IFC>
    </s_s1_m1_m2_m3.1.1.5.3.2>
    <s_s1_m1_m2_m3.1.1.6.3.2>
      <IFC>
  -1.446053456254947E-05   1.198264775767024E-05   2.354891713907686E-05
   7.617642169127447E-05  -2.655681653062655E-05  -9.163470709211375E-05
   1.010490671654480E-04  -1.039813753732813E-05  -5.355140032616291E-05
      </IFC>
    </s_s1_m1_m2_m3.1.1.6.3.2>
    <s_s1_m1_m2_m3.1.1.1.4.2>
      <IFC>
   6.271364086991088E-07  -4.691696467884100E-05   3.209558480415339E-05
  -4.691696467884100E-05   5.480218078247851E-05   1.853039452647512E-05
  -3.209558480415339E-05  -1.853039452647512E-05  -1.376308919298514E-05
      </IFC>
    </s_s1_m1_m2_m3.1.1.1.4.2>
    <s_s1_m1_m2_m3.1.1.2.4.2>
      <IFC>
   1.464125081978367E-05  -4.819275866718063E-06  -4.151948232335264E-05
   5.937449806688640E-05  -5.565860191295630E-05  -9.271012796265585E-05
   6.758352564058379E-05  -6.621131402011074E-05  -5.355140032616291E-05
      </IFC>
    </s_s1_m1_m2_m3.1.1.2.4.2>
    <s_s1_m1_m2_m3.1.1.3.4.2>
      <IFC>
   1.464125081978377E-05   4.819275866717822E-06   4.151948232335263E-05
  -5.937449806688636E-05  -5.565860191295688E-05  -9.271012796265590E-05
  -6.758352564058369E-05  -6.621131402011077E-05  -5.355140032616329E-05
      </IFC>
    </s_s1_m1_m2_m3.1.1.3.4.2>
    <s_s1_m1_m2_m3.1.1.4.4.2>
      <IFC>
   6.271364087004581E-07   4.691696467884122E-05  -3.209558480415340E-05
   4.691696467884122E-05   5.480218078247504E-05   1.853039452647515E-05
   3.209558480415340E-05  -1.853039452647515E-05  -1.376308919298514E-05
      </IFC>
    </s_s1_m1_m2_m3.1.1.4.4.2>
    <s_s1_m1_m2_m3.1.1.5.4.2>
      <IFC>
   1.464125081978377E-05  -5.937449806688636E-05   6.758352564058369E-05
   4.819275866717822E-06  -5.565860191295688E-05   6.621131402011077E-05
  -4.151948232335263E-05   9.271012796265590E-05  -5.355140032616329E-05
      </IFC>
    </s_s1_m1_m2_m3.1.1.5.4.2>
    <s_s1_m1_m2_m3.1.1.6.4.2>
      <IFC>
   1.464125081978367E-05   5.937449806688640E-05  -6.758352564058379E-05
  -4.819275866718063E-06  -5.565860191295630E-05   6.621131402011074E-05
   4.151948232335264E-05   9.271012796265585E-05  -5.355140032616291E-05
      </IFC>
    </s_s1_m1_m2_m3.1.1.6.4.2>
    <s_s1_m1_m2_m3.1.1.1.5.2>
      <IFC>
   9.135435806437319E-05  -2.560318757822164E-04   1.869886307422301E-04
  -2.652329033898348E-05   2.544876592853431E-04  -1.554250341369412E-04
   4.110771257554916E-05  -2.396494215100982E-04   2.647942165401981E-04
      </IFC>
    </s_s1_m1_m2_m3.1.1.1.5.2>
    <s_s1_m1_m2_m3.1.1.2.5.2>
      <IFC>
  -1.446053456254947E-05   7.617642169127447E-05  -1.010490671654480E-04
   1.198264775767024E-05  -2.655681653062655E-05   1.039813753732813E-05
  -2.354891713907686E-05   9.163470709211375E-05  -5.355140032616291E-05
      </IFC>
    </s_s1_m1_m2_m3.1.1.2.5.2>
    <s_s1_m1_m2_m3.1.1.3.5.2>
      <IFC>
   1.818080375638578E-05  -1.426779942263910E-19  -1.204669080539449E-20
  -1.535953077687798E-19   1.818080375638455E-05   4.818676322157797E-20
  -1.204669080539449E-20   1.204669080539449E-20   3.164119649183812E-05
      </IFC>
    </s_s1_m1_m2_m3.1.1.3.5.2>
    <s_s1_m1_m2_m3.1.1.4.5.2>
      <IFC>
  -1.446053456254931E-05  -7.617642169127436E-05   1.010490671654480E-04
  -1.198264775767006E-05  -2.655681653062693E-05   1.039813753732816E-05
   2.354891713907685E-05   9.163470709211375E-05  -5.355140032616291E-05
      </IFC>
    </s_s1_m1_m2_m3.1.1.4.5.2>
    <s_s1_m1_m2_m3.1.1.5.5.2>
      <IFC>
   9.135435806437406E-05   2.560318757822164E-04  -1.869886307422300E-04
   2.652329033898348E-05   2.544876592853468E-04  -1.554250341369412E-04
  -4.110771257554913E-05  -2.396494215100982E-04   2.647942165401991E-04
      </IFC>
    </s_s1_m1_m2_m3.1.1.5.5.2>
    <s_s1_m1_m2_m3.1.1.6.5.2>
      <IFC>
   2.147935588401398E-07  -2.597567704913188E-20  -3.011672701348623E-21
   7.228014483236696E-20  -2.299991253024699E-04  -6.337987487465481E-05
  -1.204669080539449E-20   5.760348776275940E-04  -2.656928559522763E-04
      </IFC>
    </s_s1_m1_m2_m3.1.1.6.5.2>
    <s_s1_m1_m2_m3.1.1.1.6.2>
      <IFC>
  -2.039497745962127E-04   1.803618603737807E-04   2.668518036692073E-04
   6.009571368608321E-05  -3.427780197083206E-04   2.897763798200240E-05
  -1.585212724686884E-04  -2.166116220322134E-04  -1.000257906813442E-03
      </IFC>
    </s_s1_m1_m2_m3.1.1.1.6.2>
    <s_s1_m1_m2_m3.1.1.2.6.2>
      <IFC>
  -1.724456455871671E-04   9.968555101933916E-05  -4.988608374913922E-04
   9.968555101933916E-05  -5.733868615648902E-05   2.880174388137970E-04
   5.488858173013399E-05  -3.168993743732740E-05  -2.656928559522764E-04
      </IFC>
    </s_s1_m1_m2_m3.1.1.2.6.2>
    <s_s1_m1_m2_m3.1.1.3.6.2>
      <IFC>
  -6.170674289700511E-05  -1.529496334241401E-05  -5.952958484209541E-05
   4.889881059119019E-05   2.068939180382014E-05   8.231199042532768E-05
  -9.113244277966063E-05  -2.542339307200303E-05  -5.355140032616273E-05
      </IFC>
    </s_s1_m1_m2_m3.1.1.3.6.2>
    <s_s1_m1_m2_m3.1.1.4.6.2>
      <IFC>
  -6.170674289700453E-05   1.529496334241363E-05   5.952958484209545E-05
  -4.889881059119066E-05   2.068939180382087E-05   8.231199042532769E-05
   9.113244277966065E-05  -2.542339307200300E-05  -5.355140032616291E-05
      </IFC>
    </s_s1_m1_m2_m3.1.1.4.6.2>
    <s_s1_m1_m2_m3.1.1.5.6.2>
      <IFC>
  -1.724456455871670E-04  -9.968555101933878E-05   4.988608374913920E-04
  -9.968555101933878E-05  -5.733868615649018E-05   2.880174388137970E-04
  -5.488858173013401E-05  -3.168993743732738E-05  -2.656928559522761E-04
      </IFC>
    </s_s1_m1_m2_m3.1.1.5.6.2>
    <s_s1_m1_m2_m3.1.1.6.6.2>
      <IFC>
  -2.039497745962133E-04  -1.803618603737807E-04  -2.668518036692073E-04
  -6.009571368608301E-05  -3.427780197083217E-04   2.897763798200238E-05
   1.585212724686884E-04  -2.166116220322134E-04  -1.000257906813442E-03
      </IFC>
    </s_s1_m1_m2_m3.1.1.6.6.2>
    <s_s1_m1_m2_m3.1.1.1.1.3>
      <IFC>
   1.394243126876280E-04  -1.301042606982605E-18   2.883000508336020E-37
  -1.301042606982605E-18   1.394243126876033E-04  -8.322505597807552E-38
   2.883000508336020E-37  -8.322505597807552E-38   1.644235142628323E-03
      </IFC>
    </s_s1_m1_m2_m3.1.1.1.1.3>
    <s_s1_m1_m2_m3.1.1.2.1.3>
      <IFC>
   3.376987215045665E-05  -2.533961735162776E-05   4.443470307925047E-37
   2.533961735162853E-05  -1.495710846695904E-05  -1.244373154225873E-38
   1.322530708746994E-37   9.566878752033437E-38  -8.523688563754672E-05
      </IFC>
    </s_s1_m1_m2_m3.1.1.2.1.3>
    <s_s1_m1_m2_m3.1.1.3.1.3>
      <IFC>
  -3.387593880754073E-05   3.361604578936638E-05   1.322530708746994E-37
  -3.361604578936661E-05   1.423371713527099E-05   9.566878752033437E-38
   4.443470307925047E-37  -1.244373154225873E-38  -2.135951664391237E-05
      </IFC>
    </s_s1_m1_m2_m3.1.1.3.1.3>
    <s_s1_m1_m2_m3.1.1.4.1.3>
      <IFC>
  -4.938659727149233E-05   2.891205793294678E-19   2.883000508336020E-37
   2.891205793294678E-19  -4.260524234032571E-05  -8.322505597807552E-38
   2.883000508336020E-37  -8.322505597807552E-38  -6.147964113898554E-05
      </IFC>
    </s_s1_m1_m2_m3.1.1.4.1.3>
    <s_s1_m1_m2_m3.1.1.5.1.3>
      <IFC>
  -3.387593880754073E-05  -3.361604578936661E-05   4.443470307925047E-37
   3.361604578936638E-05   1.423371713527099E-05  -1.244373154225873E-38
   1.322530708746994E-37   9.566878752033437E-38  -2.135951664391237E-05
      </IFC>
    </s_s1_m1_m2_m3.1.1.5.1.3>
    <s_s1_m1_m2_m3.1.1.6.1.3>
      <IFC>
   3.376987215045665E-05   2.533961735162853E-05   1.322530708746994E-37
  -2.533961735162776E-05  -1.495710846695904E-05   9.566878752033437E-38
   4.443470307925047E-37  -1.244373154225873E-38  -8.523688563754672E-05
      </IFC>
    </s_s1_m1_m2_m3.1.1.6.1.3>
    <s_s1_m1_m2_m3.1.1.1.2.3>
      <IFC>
  -2.775363312607622E-06  -4.643901888382310E-05   4.443470307925047E-37
   4.240215819432804E-06   2.158812699609559E-05  -1.244373154225873E-38
   1.322530708746994E-37   9.566878752033437E-38  -8.523688563754681E-05
      </IFC>
    </s_s1_m1_m2_m3.1.1.1.2.3>
    <s_s1_m1_m2_m3.1.1.2.2.3>
      <IFC>
  -2.775363312608007E-06   4.643901888382330E-05   1.322530708746993E-37
  -4.240215819432804E-06   2.158812699610176E-05   9.566878752033437E-38
   4.443470307925048E-37  -1.244373154225875E-38  -8.523688563754691E-05
      </IFC>
    </s_s1_m1_m2_m3.1.1.2.2.3>
    <s_s1_m1_m2_m3.1.1.3.2.3>
      <IFC>
  -2.303655778894534E-05   4.784030982641954E-07   2.883000508336020E-37
   4.784030982641954E-07  -2.358897010406644E-05  -8.322505597807551E-38
   2.883000508336020E-37  -8.322505597807552E-38  -1.569109939248457E-05
      </IFC>
    </s_s1_m1_m2_m3.1.1.3.2.3>
    <s_s1_m1_m2_m3.1.1.4.2.3>
      <IFC>
   2.351277084676502E-05  -7.659136973285948E-06   4.443470307925047E-37
   1.211163150490125E-05   1.113977042750386E-05  -1.244373154225873E-38
   1.322530708746994E-37   9.566878752033437E-38   2.687021759371313E-05
      </IFC>
    </s_s1_m1_m2_m3.1.1.4.2.3>
    <s_s1_m1_m2_m3.1.1.5.2.3>
      <IFC>
   2.351277084676526E-05   7.659136973285090E-06   1.322530708746993E-37
  -1.211163150490227E-05   1.113977042750371E-05   9.566878752033437E-38
   4.443470307925048E-37  -1.244373154225875E-38   2.687021759371312E-05
      </IFC>
    </s_s1_m1_m2_m3.1.1.5.2.3>
    <s_s1_m1_m2_m3.1.1.6.2.3>
      <IFC>
  -2.303655778894621E-05  -4.784030982632315E-07   2.883000508336020E-37
  -4.784030982632315E-07  -2.358897010406915E-05  -8.322505597807551E-38
   2.883000508336020E-37  -8.322505597807552E-38  -1.569109939248457E-05
      </IFC>
    </s_s1_m1_m2_m3.1.1.6.2.3>
    <s_s1_m1_m2_m3.1.1.1.3.3>
      <IFC>
   2.206303149573312E-06   5.444813789627006E-05   1.322530708746994E-37
  -1.278395368246309E-05  -2.184852482183283E-05   9.566878752033437E-38
   4.443470307925047E-37  -1.244373154225873E-38  -2.135951664391295E-05
      </IFC>
    </s_s1_m1_m2_m3.1.1.1.3.3>
    <s_s1_m1_m2_m3.1.1.2.3.3>
      <IFC>
  -2.386517626163789E-05   1.597692368065445E-18   2.883000508336020E-37
   1.625173881465251E-18  -2.276035163137520E-05  -8.322505597807552E-38
   2.883000508336020E-37  -8.322505597807551E-38  -1.569109939248458E-05
      </IFC>
    </s_s1_m1_m2_m3.1.1.2.3.3>
    <s_s1_m1_m2_m3.1.1.3.3.3>
      <IFC>
   2.206303149571072E-06  -5.444813789627061E-05   4.443470307925048E-37
   1.278395368246239E-05  -2.184852482183881E-05  -1.244373154225875E-38
   1.322530708746993E-37   9.566878752033437E-38  -2.135951664391180E-05
      </IFC>
    </s_s1_m1_m2_m3.1.1.3.3.3>
    <s_s1_m1_m2_m3.1.1.4.3.3>
      <IFC>
   1.616100721961415E-05   1.635617421405545E-05   1.322530708746994E-37
  -3.414594264131751E-06   1.849153405465000E-05   9.566878752033437E-38
   4.443470307925047E-37  -1.244373154225873E-38   2.687021759371313E-05
      </IFC>
    </s_s1_m1_m2_m3.1.1.4.3.3>
    <s_s1_m1_m2_m3.1.1.5.3.3>
      <IFC>
  -4.236870821110558E-06  -5.812528313602843E-19   2.883000508336020E-37
  -6.185222810394735E-19  -4.236870821111841E-06  -8.322505597807552E-38
   2.883000508336020E-37  -8.322505597807551E-38  -2.375380231457184E-05
      </IFC>
    </s_s1_m1_m2_m3.1.1.5.3.3>
    <s_s1_m1_m2_m3.1.1.6.3.3>
      <IFC>
   1.616100721961368E-05  -1.635617421405614E-05   4.443470307925048E-37
   3.414594264131190E-06   1.849153405464827E-05  -1.244373154225875E-38
   1.322530708746993E-37   9.566878752033437E-38   2.687021759371312E-05
      </IFC>
    </s_s1_m1_m2_m3.1.1.6.3.3>
    <s_s1_m1_m2_m3.1.1.1.4.3>
      <IFC>
  -4.430058107311575E-05   2.936412821232221E-06   2.883000508336020E-37
   2.936412821232221E-06  -4.769125853869525E-05  -8.322505597807552E-38
   2.883000508336020E-37  -8.322505597807552E-38  -6.147964113898266E-05
      </IFC>
    </s_s1_m1_m2_m3.1.1.1.4.3>
    <s_s1_m1_m2_m3.1.1.2.4.3>
      <IFC>
   1.230503384502109E-05  -1.412992694824716E-05   4.443470307925047E-37
   5.640841529939622E-06   2.234750742924071E-05  -1.244373154225873E-38
   1.322530708746994E-37   9.566878752033437E-38   2.687021759371313E-05
      </IFC>
    </s_s1_m1_m2_m3.1.1.2.4.3>
    <s_s1_m1_m2_m3.1.1.3.4.3>
      <IFC>
   1.230503384502253E-05   1.412992694824782E-05   1.322530708746994E-37
  -5.640841529939496E-06   2.234750742924263E-05   9.566878752033437E-38
   4.443470307925047E-37  -1.244373154225873E-38   2.687021759371313E-05
      </IFC>
    </s_s1_m1_m2_m3.1.1.3.4.3>
    <s_s1_m1_m2_m3.1.1.4.4.3>
      <IFC>
  -4.430058107311498E-05  -2.936412821233474E-06   2.883000508336020E-37
  -2.936412821233474E-06  -4.769125853868995E-05  -8.322505597807552E-38
   2.883000508336020E-37  -8.322505597807552E-38  -6.147964113898554E-05
      </IFC>
    </s_s1_m1_m2_m3.1.1.4.4.3>
    <s_s1_m1_m2_m3.1.1.5.4.3>
      <IFC>
   1.230503384502253E-05  -5.640841529939496E-06   4.443470307925047E-37
   1.412992694824782E-05   2.234750742924263E-05  -1.244373154225873E-38
   1.322530708746994E-37   9.566878752033437E-38   2.687021759371313E-05
      </IFC>
    </s_s1_m1_m2_m3.1.1.5.4.3>
    <s_s1_m1_m2_m3.1.1.6.4.3>
      <IFC>
   1.230503384502109E-05   5.640841529939622E-06   1.322530708746994E-37
  -1.412992694824716E-05   2.234750742924071E-05   9.566878752033437E-38
   4.443470307925047E-37  -1.244373154225873E-38   2.687021759371313E-05
      </IFC>
    </s_s1_m1_m2_m3.1.1.6.4.3>
    <s_s1_m1_m2_m3.1.1.1.5.3>
      <IFC>
   2.206303149573312E-06  -1.278395368246309E-05   4.443470307925047E-37
   5.444813789627006E-05  -2.184852482183283E-05  -1.244373154225873E-38
   1.322530708746994E-37   9.566878752033437E-38  -2.135951664391295E-05
      </IFC>
    </s_s1_m1_m2_m3.1.1.1.5.3>
    <s_s1_m1_m2_m3.1.1.2.5.3>
      <IFC>
   1.616100721961368E-05   3.414594264131190E-06   1.322530708746993E-37
  -1.635617421405614E-05   1.849153405464827E-05   9.566878752033437E-38
   4.443470307925048E-37  -1.244373154225875E-38   2.687021759371312E-05
      </IFC>
    </s_s1_m1_m2_m3.1.1.2.5.3>
    <s_s1_m1_m2_m3.1.1.3.5.3>
      <IFC>
  -4.236870821110558E-06  -6.185222810394735E-19   2.883000508336020E-37
  -5.812528313602843E-19  -4.236870821111841E-06  -8.322505597807551E-38
   2.883000508336020E-37  -8.322505597807552E-38  -2.375380231457184E-05
      </IFC>
    </s_s1_m1_m2_m3.1.1.3.5.3>
    <s_s1_m1_m2_m3.1.1.4.5.3>
      <IFC>
   1.616100721961415E-05  -3.414594264131751E-06   4.443470307925047E-37
   1.635617421405545E-05   1.849153405465000E-05  -1.244373154225873E-38
   1.322530708746994E-37   9.566878752033437E-38   2.687021759371313E-05
      </IFC>
    </s_s1_m1_m2_m3.1.1.4.5.3>
    <s_s1_m1_m2_m3.1.1.5.5.3>
      <IFC>
   2.206303149571072E-06   1.278395368246239E-05   1.322530708746993E-37
  -5.444813789627061E-05  -2.184852482183881E-05   9.566878752033437E-38
   4.443470307925048E-37  -1.244373154225875E-38  -2.135951664391180E-05
      </IFC>
    </s_s1_m1_m2_m3.1.1.5.5.3>
    <s_s1_m1_m2_m3.1.1.6.5.3>
      <IFC>
  -2.386517626163789E-05   1.625173881465251E-18   2.883000508336020E-37
   1.597692368065445E-18  -2.276035163137520E-05  -8.322505597807551E-38
   2.883000508336020E-37  -8.322505597807552E-38  -1.569109939248458E-05
      </IFC>
    </s_s1_m1_m2_m3.1.1.6.5.3>
    <s_s1_m1_m2_m3.1.1.1.6.3>
      <IFC>
  -2.775363312607622E-06   4.240215819432804E-06   1.322530708746994E-37
  -4.643901888382310E-05   2.158812699609559E-05   9.566878752033437E-38
   4.443470307925047E-37  -1.244373154225873E-38  -8.523688563754681E-05
      </IFC>
    </s_s1_m1_m2_m3.1.1.1.6.3>
    <s_s1_m1_m2_m3.1.1.2.6.3>
      <IFC>
  -2.303655778894621E-05  -4.784030982632315E-07   2.883000508336020E-37
  -4.784030982632315E-07  -2.358897010406915E-05  -8.322505597807552E-38
   2.883000508336020E-37  -8.322505597807551E-38  -1.569109939248457E-05
      </IFC>
    </s_s1_m1_m2_m3.1.1.2.6.3>
    <s_s1_m1_m2_m3.1.1.3.6.3>
      <IFC>
   2.351277084676526E-05  -1.211163150490227E-05   4.443470307925048E-37
   7.659136973285090E-06   1.113977042750371E-05  -1.244373154225875E-38
   1.322530708746993E-37   9.566878752033437E-38   2.687021759371312E-05
      </IFC>
    </s_s1_m1_m2_m3.1.1.3.6.3>
    <s_s1_m1_m2_m3.1.1.4.6.3>
      <IFC>
   2.351277084676502E-05   1.211163150490125E-05   1.322530708746994E-37
  -7.659136973285948E-06   1.113977042750386E-05   9.566878752033437E-38
   4.443470307925047E-37  -1.244373154225873E-38   2.687021759371313E-05
      </IFC>
    </s_s1_m1_m2_m3.1.1.4.6.3>
    <s_s1_m1_m2_m3.1.1.5.6.3>
      <IFC>
  -2.303655778894534E-05   4.784030982641954E-07   2.883000508336020E-37
   4.784030982641954E-07  -2.358897010406644E-05  -8.322505597807552E-38
   2.883000508336020E-37  -8.322505597807551E-38  -1.569109939248457E-05
      </IFC>
    </s_s1_m1_m2_m3.1.1.5.6.3>
    <s_s1_m1_m2_m3.1.1.6.6.3>
      <IFC>
  -2.775363312608007E-06  -4.240215819432804E-06   4.443470307925048E-37
   4.643901888382330E-05   2.158812699610176E-05  -1.244373154225875E-38
   1.322530708746993E-37   9.566878752033437E-38  -8.523688563754691E-05
      </IFC>
    </s_s1_m1_m2_m3.1.1.6.6.3>
    <s_s1_m1_m2_m3.1.1.1.1.4>
      <IFC>
   2.024883246212481E-03   4.818676322157797E-20  -1.204669080539449E-20
   4.818676322157797E-20   2.024883246212195E-03  -3.011672701348623E-21
   1.204669080539449E-20   3.011672701348623E-21   7.295752436301798E-03
      </IFC>
    </s_s1_m1_m2_m3.1.1.1.1.4>
    <s_s1_m1_m2_m3.1.1.2.1.4>
      <IFC>
  -4.121921422644482E-04  -6.013307334384838E-05  -1.083305312005190E-04
   6.013307334384915E-05  -1.345356520401139E-04   2.455892600142158E-04
  -1.083305312005190E-04  -2.455892600142158E-04  -1.000257906813442E-03
      </IFC>
    </s_s1_m1_m2_m3.1.1.2.1.4>
    <s_s1_m1_m2_m3.1.1.3.1.4>
      <IFC>
   3.360543098958831E-04   1.147542927216154E-04  -2.280963433177792E-04
  -1.147542927216175E-04   9.787707453869898E-06   8.422438737315699E-05
  -2.280963433177792E-04  -8.422438737315700E-05   2.647942165401991E-04
      </IFC>
    </s_s1_m1_m2_m3.1.1.3.1.4>
    <s_s1_m1_m2_m3.1.1.4.1.4>
      <IFC>
   8.188970296937592E-05   1.084202172485504E-18   1.505836350674311E-21
   1.084202172485504E-18  -2.646038577818462E-05   3.706078905295027E-05
  -1.505836350674312E-21  -3.706078905295027E-05  -1.376308919298514E-05
      </IFC>
    </s_s1_m1_m2_m3.1.1.4.1.4>
    <s_s1_m1_m2_m3.1.1.5.1.4>
      <IFC>
   3.360543098958831E-04  -1.147542927216175E-04   2.280963433177792E-04
   1.147542927216154E-04   9.787707453869898E-06   8.422438737315700E-05
   2.280963433177792E-04  -8.422438737315699E-05   2.647942165401991E-04
      </IFC>
    </s_s1_m1_m2_m3.1.1.5.1.4>
    <s_s1_m1_m2_m3.1.1.6.1.4>
      <IFC>
  -4.121921422644482E-04   6.013307334384915E-05   1.083305312005190E-04
  -6.013307334384838E-05  -1.345356520401139E-04   2.455892600142158E-04
   1.083305312005190E-04  -2.455892600142158E-04  -1.000257906813442E-03
      </IFC>
    </s_s1_m1_m2_m3.1.1.6.1.4>
    <s_s1_m1_m2_m3.1.1.1.2.4>
      <IFC>
  -2.039497745962127E-04   6.009571368608321E-05  -1.585212724686884E-04
   1.803618603737807E-04  -3.427780197083206E-04  -2.166116220322134E-04
   2.668518036692073E-04   2.897763798200240E-05  -1.000257906813442E-03
      </IFC>
    </s_s1_m1_m2_m3.1.1.1.2.4>
    <s_s1_m1_m2_m3.1.1.2.2.4>
      <IFC>
  -2.039497745962133E-04  -6.009571368608301E-05   1.585212724686884E-04
  -1.803618603737807E-04  -3.427780197083217E-04  -2.166116220322134E-04
  -2.668518036692073E-04   2.897763798200238E-05  -1.000257906813442E-03
      </IFC>
    </s_s1_m1_m2_m3.1.1.2.2.4>
    <s_s1_m1_m2_m3.1.1.3.2.4>
      <IFC>
  -1.724456455871670E-04  -9.968555101933878E-05  -5.488858173013401E-05
  -9.968555101933878E-05  -5.733868615649018E-05  -3.168993743732738E-05
   4.988608374913920E-04   2.880174388137970E-04  -2.656928559522761E-04
      </IFC>
    </s_s1_m1_m2_m3.1.1.3.2.4>
    <s_s1_m1_m2_m3.1.1.4.2.4>
      <IFC>
  -6.170674289700453E-05  -4.889881059119066E-05   9.113244277966065E-05
   1.529496334241363E-05   2.068939180382087E-05  -2.542339307200300E-05
   5.952958484209545E-05   8.231199042532769E-05  -5.355140032616291E-05
      </IFC>
    </s_s1_m1_m2_m3.1.1.4.2.4>
    <s_s1_m1_m2_m3.1.1.5.2.4>
      <IFC>
  -6.170674289700511E-05   4.889881059119019E-05  -9.113244277966063E-05
  -1.529496334241401E-05   2.068939180382014E-05  -2.542339307200303E-05
  -5.952958484209541E-05   8.231199042532768E-05  -5.355140032616273E-05
      </IFC>
    </s_s1_m1_m2_m3.1.1.5.2.4>
    <s_s1_m1_m2_m3.1.1.6.2.4>
      <IFC>
  -1.724456455871671E-04   9.968555101933916E-05   5.488858173013399E-05
   9.968555101933916E-05  -5.733868615648902E-05  -3.168993743732740E-05
  -4.988608374913922E-04   2.880174388137970E-04  -2.656928559522764E-04
      </IFC>
    </s_s1_m1_m2_m3.1.1.6.2.4>
    <s_s1_m1_m2_m3.1.1.1.3.4>
      <IFC>
   9.135435806437319E-05  -2.652329033898348E-05   4.110771257554916E-05
  -2.560318757822164E-04   2.544876592853431E-04  -2.396494215100982E-04
   1.869886307422301E-04  -1.554250341369412E-04   2.647942165401981E-04
      </IFC>
    </s_s1_m1_m2_m3.1.1.1.3.4>
    <s_s1_m1_m2_m3.1.1.2.3.4>
      <IFC>
   2.147935588401398E-07   7.228014483236696E-20  -1.204669080539449E-20
  -2.597567704913188E-20  -2.299991253024699E-04   5.760348776275940E-04
  -3.011672701348623E-21  -6.337987487465481E-05  -2.656928559522763E-04
      </IFC>
    </s_s1_m1_m2_m3.1.1.2.3.4>
    <s_s1_m1_m2_m3.1.1.3.3.4>
      <IFC>
   9.135435806437406E-05   2.652329033898348E-05  -4.110771257554913E-05
   2.560318757822164E-04   2.544876592853468E-04  -2.396494215100982E-04
  -1.869886307422300E-04  -1.554250341369412E-04   2.647942165401991E-04
      </IFC>
    </s_s1_m1_m2_m3.1.1.3.3.4>
    <s_s1_m1_m2_m3.1.1.4.3.4>
      <IFC>
  -1.446053456254931E-05  -1.198264775767006E-05   2.354891713907685E-05
  -7.617642169127436E-05  -2.655681653062693E-05   9.163470709211375E-05
   1.010490671654480E-04   1.039813753732816E-05  -5.355140032616291E-05
      </IFC>
    </s_s1_m1_m2_m3.1.1.4.3.4>
    <s_s1_m1_m2_m3.1.1.5.3.4>
      <IFC>
   1.818080375638578E-05  -1.535953077687798E-19  -1.204669080539449E-20
  -1.426779942263910E-19   1.818080375638455E-05   1.204669080539449E-20
  -1.204669080539449E-20   4.818676322157797E-20   3.164119649183812E-05
      </IFC>
    </s_s1_m1_m2_m3.1.1.5.3.4>
    <s_s1_m1_m2_m3.1.1.6.3.4>
      <IFC>
  -1.446053456254947E-05   1.198264775767024E-05  -2.354891713907686E-05
   7.617642169127447E-05  -2.655681653062655E-05   9.163470709211375E-05
  -1.010490671654480E-04   1.039813753732813E-05  -5.355140032616291E-05
      </IFC>
    </s_s1_m1_m2_m3.1.1.6.3.4>
    <s_s1_m1_m2_m3.1.1.1.4.4>
