<?xml version="1.0" encoding="UTF-8"?>
<Root>
  <GEOMETRY_INFO>
    <NUMBER_OF_TYPES>1</NUMBER_OF_TYPES>
    <NUMBER_OF_ATOMS>2</NUMBER_OF_ATOMS>
    <BRAVAIS_LATTICE_INDEX>4</BRAVAIS_LATTICE_INDEX>
    <SPIN_COMPONENTS>1</SPIN_COMPONENTS>
    <CELL_DIMENSIONS>
   6.093687070000000E+00   0.000000000000000E+00   1.546365030000000E+00
   0.000000000000000E+00   0.000000000000000E+00   0.000000000000000E+00
    </CELL_DIMENSIONS>
    <AT>
   1.000000000000000E+00   0.000000000000000E+00   0.000000000000000E+00
  -5.000000000000000E-01   8.660254037844999E-01   0.000000000000000E+00
   0.000000000000000E+00   0.000000000000000E+00   1.546365030000000E+00
    </AT>
    <BG>
   1.000000000000000E+00   5.773502691895849E-01  -0.000000000000000E+00
   0.000000000000000E+00   1.154700538379170E+00   0.000000000000000E+00
   0.000000000000000E+00  -0.000000000000000E+00   6.466778416477770E-01
    </BG>
    <UNIT_CELL_VOLUME_AU>303.02823464859011</UNIT_CELL_VOLUME_AU>
    <TYPE_NAME.1>Sc</TYPE_NAME.1>
    <MASS.1>44.595999999999997</MASS.1>
    <ATOM.1 SPECIES="Sc" INDEX="1" TAU="0.0000000000000000 0.0000000000000000 0.0000000000000000"/>
    <ATOM.2 SPECIES="Sc" INDEX="1" TAU="0.50000000000050004 0.28867513459454475 0.77318251500000001"/>
    <NUMBER_OF_Q>2</NUMBER_OF_Q>
  </GEOMETRY_INFO>
  <DIELECTRIC_PROPERTIES epsil="false" zstar="false" raman="false">
  </DIELECTRIC_PROPERTIES>
  <INTERATOMIC_FORCE_CONSTANTS>
    <MESH_NQ1_NQ2_NQ3>
                 6                 6                 4
    </MESH_NQ1_NQ2_NQ3>
    <s_s1_m1_m2_m3.1.1.1.1.1>
      <IFC>
   9.850946556548183E-02  -8.673617379884035E-19   2.883000508336020E-37
  -8.673617379884035E-19   9.850946556546787E-02  -8.322505597807552E-38
   2.883000508336020E-37  -8.322505597807552E-38   9.559603761361396E-02
      </IFC>
    </s_s1_m1_m2_m3.1.1.1.1.1>
    <s_s1_m1_m2_m3.1.1.2.1.1>
      <IFC>
  -1.842804285230652E-02  -4.210967495564617E-03   4.443470307925047E-37
   4.210967495564617E-03  -2.078334087503241E-03  -1.244373154225873E-38
   1.322530708746994E-37   9.566878752033437E-38   7.907618921898400E-04
      </IFC>
    </s_s1_m1_m2_m3.1.1.2.1.1>
    <s_s1_m1_m2_m3.1.1.3.1.1>
      <IFC>
   1.816411709070371E-04   1.912542974263539E-04   1.322530708746994E-37
  -1.912542974263531E-04  -3.103528517271693E-04   9.566878752033437E-38
   4.443470307925047E-37  -1.244373154225873E-38  -3.570341157423117E-04
      </IFC>
    </s_s1_m1_m2_m3.1.1.3.1.1>
    <s_s1_m1_m2_m3.1.1.4.1.1>
      <IFC>
   1.189852954998118E-04   2.409338161078899E-20   2.883000508336020E-37
   2.409338161078899E-20   4.070081784605101E-05  -8.322505597807552E-38
   2.883000508336020E-37  -8.322505597807552E-38   1.261403226932274E-05
      </IFC>
    </s_s1_m1_m2_m3.1.1.4.1.1>
    <s_s1_m1_m2_m3.1.1.5.1.1>
      <IFC>
   1.816411709070371E-04  -1.912542974263531E-04   4.443470307925047E-37
   1.912542974263539E-04  -3.103528517271693E-04  -1.244373154225873E-38
   1.322530708746994E-37   9.566878752033437E-38  -3.570341157423117E-04
      </IFC>
    </s_s1_m1_m2_m3.1.1.5.1.1>
    <s_s1_m1_m2_m3.1.1.6.1.1>
      <IFC>
  -1.842804285230652E-02   4.210967495564617E-03   1.322530708746994E-37
  -4.210967495564617E-03  -2.078334087503241E-03   9.566878752033437E-38
   4.443470307925047E-37  -1.244373154225873E-38   7.907618921898400E-04
      </IFC>
    </s_s1_m1_m2_m3.1.1.6.1.1>
    <s_s1_m1_m2_m3.1.1.1.2.1>
      <IFC>
  -6.165761278704284E-03   2.868664071833124E-03   4.443470307925047E-37
   1.129059906296236E-02  -1.434061566110374E-02  -1.244373154225873E-38
   1.322530708746994E-37   9.566878752033437E-38   7.907618921898403E-04
      </IFC>
    </s_s1_m1_m2_m3.1.1.1.2.1>
    <s_s1_m1_m2_m3.1.1.2.2.1>
      <IFC>
  -6.165761278704284E-03  -2.868664071833125E-03   1.322530708746993E-37
  -1.129059906296236E-02  -1.434061566110374E-02   9.566878752033437E-38
   4.443470307925048E-37  -1.244373154225875E-38   7.907618921898399E-04
      </IFC>
    </s_s1_m1_m2_m3.1.1.2.2.1>
    <s_s1_m1_m2_m3.1.1.3.2.1>
      <IFC>
  -1.584899019508985E-03  -1.324710102829305E-03   2.883000508336020E-37
  -1.324710102829305E-03  -5.525555057543999E-05  -8.322505597807551E-38
   2.883000508336020E-37  -8.322505597807552E-38  -2.324259172351864E-04
      </IFC>
    </s_s1_m1_m2_m3.1.1.3.2.1>
    <s_s1_m1_m2_m3.1.1.4.2.1>
      <IFC>
  -9.696339061971016E-05   1.199741194710845E-05   4.443470307925047E-37
   5.264997034521075E-05  -1.388121912467960E-05  -1.244373154225873E-38
   1.322530708746994E-37   9.566878752033437E-38   3.226988093520488E-05
      </IFC>
    </s_s1_m1_m2_m3.1.1.4.2.1>
    <s_s1_m1_m2_m3.1.1.5.2.1>
      <IFC>
  -9.696339061971007E-05  -1.199741194710810E-05   1.322530708746993E-37
  -5.264997034521024E-05  -1.388121912467820E-05   9.566878752033437E-38
   4.443470307925048E-37  -1.244373154225875E-38   3.226988093520449E-05
      </IFC>
    </s_s1_m1_m2_m3.1.1.5.2.1>
    <s_s1_m1_m2_m3.1.1.6.2.1>
      <IFC>
  -1.584899019508985E-03   1.324710102829305E-03   2.883000508336020E-37
   1.324710102829305E-03  -5.525555057544037E-05  -8.322505597807551E-38
   2.883000508336020E-37  -8.322505597807552E-38  -2.324259172351871E-04
      </IFC>
    </s_s1_m1_m2_m3.1.1.6.2.1>
    <s_s1_m1_m2_m3.1.1.1.3.1>
      <IFC>
  -1.873543460686559E-04  -2.178536362931205E-05   1.322530708746994E-37
  -4.042939584820189E-04   5.864266524846815E-05   9.566878752033437E-38
   4.443470307925047E-37  -1.244373154225873E-38  -3.570341157423153E-04
      </IFC>
    </s_s1_m1_m2_m3.1.1.1.3.1>
    <s_s1_m1_m2_m3.1.1.2.3.1>
      <IFC>
   7.095661838913254E-04   4.803617958651054E-19   2.883000508336020E-37
   6.444979580886054E-19  -2.349720753975427E-03  -8.322505597807552E-38
   2.883000508336020E-37  -8.322505597807551E-38  -2.324259172351871E-04
      </IFC>
    </s_s1_m1_m2_m3.1.1.2.3.1>
    <s_s1_m1_m2_m3.1.1.3.3.1>
      <IFC>
  -1.873543460686521E-04   2.178536362931097E-05   4.443470307925048E-37
   4.042939584820179E-04   5.864266524846639E-05  -1.244373154225875E-38
   1.322530708746993E-37   9.566878752033437E-38  -3.570341157423111E-04
      </IFC>
    </s_s1_m1_m2_m3.1.1.3.3.1>
    <s_s1_m1_m2_m3.1.1.4.3.1>
      <IFC>
  -6.658624321775365E-06   5.124892139979621E-07   1.322530708746994E-37
  -4.014006918410434E-05  -1.041859854225929E-04   9.566878752033437E-38
   4.443470307925047E-37  -1.244373154225873E-38   3.226988093520488E-05
      </IFC>
    </s_s1_m1_m2_m3.1.1.4.3.1>
    <s_s1_m1_m2_m3.1.1.5.3.1>
      <IFC>
   8.435913537120496E-05   5.511361043467981E-19   2.883000508336020E-37
   5.959347357793589E-19   8.435913537119738E-05  -8.322505597807552E-38
   2.883000508336020E-37  -8.322505597807551E-38  -7.277084707206429E-05
      </IFC>
    </s_s1_m1_m2_m3.1.1.5.3.1>
    <s_s1_m1_m2_m3.1.1.6.3.1>
      <IFC>
  -6.658624321775100E-06  -5.124892139980463E-07   4.443470307925048E-37
   4.014006918410409E-05  -1.041859854225918E-04  -1.244373154225875E-38
   1.322530708746993E-37   9.566878752033437E-38   3.226988093520485E-05
      </IFC>
    </s_s1_m1_m2_m3.1.1.6.3.1>
    <s_s1_m1_m2_m3.1.1.1.4.1>
      <IFC>
   6.027193725949210E-05  -3.389817318507063E-05   2.883000508336020E-37
  -3.389817318507063E-05   9.941417608635521E-05  -8.322505597807552E-38
   2.883000508336020E-37  -8.322505597807552E-38   1.261403226931907E-05
      </IFC>
    </s_s1_m1_m2_m3.1.1.1.4.1>
    <s_s1_m1_m2_m3.1.1.2.4.1>
      <IFC>
  -6.264489967509341E-05   3.181120193216118E-05   4.443470307925047E-37
   7.246376033026339E-05  -4.819971006928667E-05  -1.244373154225873E-38
   1.322530708746994E-37   9.566878752033437E-38   3.226988093520488E-05
      </IFC>
    </s_s1_m1_m2_m3.1.1.2.4.1>
    <s_s1_m1_m2_m3.1.1.3.4.1>
      <IFC>
  -6.264489967509466E-05  -3.181120193216176E-05   1.322530708746994E-37
  -7.246376033026388E-05  -4.819971006928686E-05   9.566878752033437E-38
   4.443470307925047E-37  -1.244373154225873E-38   3.226988093520450E-05
      </IFC>
    </s_s1_m1_m2_m3.1.1.3.4.1>
    <s_s1_m1_m2_m3.1.1.4.4.1>
      <IFC>
   6.027193725949287E-05   3.389817318507196E-05   2.883000508336020E-37
   3.389817318507196E-05   9.941417608635685E-05  -8.322505597807552E-38
   2.883000508336020E-37  -8.322505597807552E-38   1.261403226932274E-05
      </IFC>
    </s_s1_m1_m2_m3.1.1.4.4.1>
    <s_s1_m1_m2_m3.1.1.5.4.1>
      <IFC>
  -6.264489967509466E-05  -7.246376033026388E-05   4.443470307925047E-37
  -3.181120193216176E-05  -4.819971006928686E-05  -1.244373154225873E-38
   1.322530708746994E-37   9.566878752033437E-38   3.226988093520450E-05
      </IFC>
    </s_s1_m1_m2_m3.1.1.5.4.1>
    <s_s1_m1_m2_m3.1.1.6.4.1>
      <IFC>
  -6.264489967509341E-05   7.246376033026339E-05   1.322530708746994E-37
   3.181120193216118E-05  -4.819971006928667E-05   9.566878752033437E-38
   4.443470307925047E-37  -1.244373154225873E-38   3.226988093520488E-05
      </IFC>
    </s_s1_m1_m2_m3.1.1.6.4.1>
    <s_s1_m1_m2_m3.1.1.1.5.1>
      <IFC>
  -1.873543460686559E-04  -4.042939584820189E-04   4.443470307925047E-37
  -2.178536362931205E-05   5.864266524846815E-05  -1.244373154225873E-38
   1.322530708746994E-37   9.566878752033437E-38  -3.570341157423153E-04
      </IFC>
    </s_s1_m1_m2_m3.1.1.1.5.1>
    <s_s1_m1_m2_m3.1.1.2.5.1>
      <IFC>
  -6.658624321775100E-06   4.014006918410409E-05   1.322530708746993E-37
  -5.124892139980463E-07  -1.041859854225918E-04   9.566878752033437E-38
   4.443470307925048E-37  -1.244373154225875E-38   3.226988093520485E-05
      </IFC>
    </s_s1_m1_m2_m3.1.1.2.5.1>
    <s_s1_m1_m2_m3.1.1.3.5.1>
      <IFC>
   8.435913537120496E-05   5.959347357793589E-19   2.883000508336020E-37
   5.511361043467981E-19   8.435913537119738E-05  -8.322505597807551E-38
   2.883000508336020E-37  -8.322505597807552E-38  -7.277084707206429E-05
      </IFC>
    </s_s1_m1_m2_m3.1.1.3.5.1>
    <s_s1_m1_m2_m3.1.1.4.5.1>
      <IFC>
  -6.658624321775365E-06  -4.014006918410434E-05   4.443470307925047E-37
   5.124892139979621E-07  -1.041859854225929E-04  -1.244373154225873E-38
   1.322530708746994E-37   9.566878752033437E-38   3.226988093520488E-05
      </IFC>
    </s_s1_m1_m2_m3.1.1.4.5.1>
    <s_s1_m1_m2_m3.1.1.5.5.1>
      <IFC>
  -1.873543460686521E-04   4.042939584820179E-04   1.322530708746993E-37
   2.178536362931097E-05   5.864266524846639E-05   9.566878752033437E-38
   4.443470307925048E-37  -1.244373154225875E-38  -3.570341157423111E-04
      </IFC>
    </s_s1_m1_m2_m3.1.1.5.5.1>
    <s_s1_m1_m2_m3.1.1.6.5.1>
      <IFC>
   7.095661838913254E-04   6.444979580886054E-19   2.883000508336020E-37
   4.803617958651054E-19  -2.349720753975427E-03  -8.322505597807551E-38
   2.883000508336020E-37  -8.322505597807552E-38  -2.324259172351871E-04
      </IFC>
    </s_s1_m1_m2_m3.1.1.6.5.1>
    <s_s1_m1_m2_m3.1.1.1.6.1>
      <IFC>
  -6.165761278704284E-03   1.129059906296236E-02   1.322530708746994E-37
   2.868664071833124E-03  -1.434061566110374E-02   9.566878752033437E-38
   4.443470307925047E-37  -1.244373154225873E-38   7.907618921898403E-04
      </IFC>
    </s_s1_m1_m2_m3.1.1.1.6.1>
    <s_s1_m1_m2_m3.1.1.2.6.1>
      <IFC>
  -1.584899019508985E-03   1.324710102829305E-03   2.883000508336020E-37
   1.324710102829305E-03  -5.525555057544037E-05  -8.322505597807552E-38
   2.883000508336020E-37  -8.322505597807551E-38  -2.324259172351871E-04
      </IFC>
    </s_s1_m1_m2_m3.1.1.2.6.1>
    <s_s1_m1_m2_m3.1.1.3.6.1>
      <IFC>
  -9.696339061971007E-05  -5.264997034521024E-05   4.443470307925048E-37
  -1.199741194710810E-05  -1.388121912467820E-05  -1.244373154225875E-38
   1.322530708746993E-37   9.566878752033437E-38   3.226988093520449E-05
      </IFC>
    </s_s1_m1_m2_m3.1.1.3.6.1>
    <s_s1_m1_m2_m3.1.1.4.6.1>
      <IFC>
  -9.696339061971016E-05   5.264997034521075E-05   1.322530708746994E-37
   1.199741194710845E-05  -1.388121912467960E-05   9.566878752033437E-38
   4.443470307925047E-37  -1.244373154225873E-38   3.226988093520488E-05
      </IFC>
    </s_s1_m1_m2_m3.1.1.4.6.1>
    <s_s1_m1_m2_m3.1.1.5.6.1>
      <IFC>
  -1.584899019508985E-03  -1.324710102829305E-03   2.883000508336020E-37
  -1.324710102829305E-03  -5.525555057543999E-05  -8.322505597807552E-38
   2.883000508336020E-37  -8.322505597807551E-38  -2.324259172351864E-04
      </IFC>
    </s_s1_m1_m2_m3.1.1.5.6.1>
    <s_s1_m1_m2_m3.1.1.6.6.1>
      <IFC>
  -6.165761278704284E-03  -1.129059906296236E-02   4.443470307925048E-37
  -2.868664071833125E-03  -1.434061566110374E-02  -1.244373154225875E-38
   1.322530708746993E-37   9.566878752033437E-38   7.907618921898399E-04
      </IFC>
    </s_s1_m1_m2_m3.1.1.6.6.1>
    <s_s1_m1_m2_m3.1.1.1.1.2>
      <IFC>
   2.024909794769606E-03  -2.891205793294678E-19   1.204669080539449E-20
  -2.891205793294678E-19   2.024909794769325E-03   3.011672701348623E-21
  -1.204669080539449E-20  -3.011672701348623E-21   7.295752436301798E-03
      </IFC>
    </s_s1_m1_m2_m3.1.1.1.1.2>
    <s_s1_m1_m2_m3.1.1.2.1.2>
      <IFC>
  -4.122605892383540E-04  -6.018566044761406E-05   1.083305312005190E-04
   6.018566044761560E-05  -1.344849041042946E-04  -2.455892600142158E-04
   1.083305312005190E-04   2.455892600142158E-04  -1.000257906813442E-03
      </IFC>
    </s_s1_m1_m2_m3.1.1.2.1.2>
    <s_s1_m1_m2_m3.1.1.3.1.2>
      <IFC>
   3.362044769482271E-04   1.147542927216150E-04   2.280963433177792E-04
  -1.147542927216178E-04   9.637540401525645E-06  -8.422438737315699E-05
   2.280963433177792E-04   8.422438737315700E-05   2.647942165401991E-04
      </IFC>
    </s_s1_m1_m2_m3.1.1.3.1.2>
    <s_s1_m1_m2_m3.1.1.4.1.2>
      <IFC>
   8.169971425537099E-05   1.541976423090495E-18  -1.505836350674312E-21
   1.541976423090495E-18  -2.628809610226589E-05  -3.706078905295027E-05
   1.505836350674311E-21   3.706078905295027E-05  -1.376308919298514E-05
      </IFC>
    </s_s1_m1_m2_m3.1.1.4.1.2>
    <s_s1_m1_m2_m3.1.1.5.1.2>
      <IFC>
   3.362044769482271E-04  -1.147542927216178E-04  -2.280963433177792E-04
   1.147542927216150E-04   9.637540401525645E-06  -8.422438737315700E-05
  -2.280963433177792E-04   8.422438737315699E-05   2.647942165401991E-04
      </IFC>
    </s_s1_m1_m2_m3.1.1.5.1.2>
    <s_s1_m1_m2_m3.1.1.6.1.2>
      <IFC>
  -4.122605892383540E-04   6.018566044761560E-05  -1.083305312005190E-04
  -6.018566044761406E-05  -1.344849041042946E-04  -2.455892600142158E-04
  -1.083305312005190E-04   2.455892600142158E-04  -1.000257906813442E-03
      </IFC>
    </s_s1_m1_m2_m3.1.1.6.1.2>
    <s_s1_m1_m2_m3.1.1.1.2.2>
      <IFC>
  -2.039288253878243E-04   6.009473949223011E-05   1.585212724686884E-04
   1.804660603874600E-04  -3.428166679547957E-04   2.166116220322134E-04
  -2.668518036692073E-04  -2.897763798200240E-05  -1.000257906813442E-03
      </IFC>
    </s_s1_m1_m2_m3.1.1.1.2.2>
    <s_s1_m1_m2_m3.1.1.2.2.2>
      <IFC>
  -2.039288253878243E-04  -6.009473949223030E-05  -1.585212724686884E-04
  -1.804660603874596E-04  -3.428166679547969E-04   2.166116220322134E-04
   2.668518036692073E-04  -2.897763798200238E-05  -1.000257906813442E-03
      </IFC>
    </s_s1_m1_m2_m3.1.1.2.2.2>
    <s_s1_m1_m2_m3.1.1.3.2.2>
      <IFC>
  -1.724865056263866E-04  -9.976398659156853E-05   5.488858173013401E-05
  -9.976398659156853E-05  -5.728897659822769E-05   3.168993743732738E-05
  -4.988608374913920E-04  -2.880174388137970E-04  -2.656928559522761E-04
      </IFC>
    </s_s1_m1_m2_m3.1.1.3.2.2>
    <s_s1_m1_m2_m3.1.1.4.2.2>
      <IFC>
  -6.168683206617419E-05  -4.882916754525994E-05  -9.113244277966065E-05
   1.531201928457827E-05   2.067833049203363E-05   2.542339307200300E-05
  -5.952958484209545E-05  -8.231199042532769E-05  -5.355140032616291E-05
      </IFC>
    </s_s1_m1_m2_m3.1.1.4.2.2>
    <s_s1_m1_m2_m3.1.1.5.2.2>
      <IFC>
  -6.168683206617443E-05   4.882916754525941E-05   9.113244277966063E-05
  -1.531201928457870E-05   2.067833049203233E-05   2.542339307200303E-05
   5.952958484209541E-05  -8.231199042532768E-05  -5.355140032616273E-05
      </IFC>
    </s_s1_m1_m2_m3.1.1.5.2.2>
    <s_s1_m1_m2_m3.1.1.6.2.2>
      <IFC>
  -1.724865056263866E-04   9.976398659156848E-05  -5.488858173013399E-05
   9.976398659156887E-05  -5.728897659822615E-05   3.168993743732740E-05
   4.988608374913922E-04  -2.880174388137970E-04  -2.656928559522764E-04
      </IFC>
    </s_s1_m1_m2_m3.1.1.6.2.2>
    <s_s1_m1_m2_m3.1.1.1.3.2>
      <IFC>
   9.127927453820049E-05  -2.665333882112638E-05  -4.110771257554916E-05
  -2.561619242643593E-04   2.545627428115128E-04   2.396494215100982E-04
  -1.869886307422301E-04   1.554250341369412E-04   2.647942165401981E-04
      </IFC>
    </s_s1_m1_m2_m3.1.1.1.3.2>
    <s_s1_m1_m2_m3.1.1.2.3.2>
      <IFC>
   3.097879158425107E-07  -1.505836350674312E-19   1.204669080539449E-20
  -3.237548153949770E-20  -2.300852701404293E-04  -5.760348776275940E-04
   3.011672701348623E-21   6.337987487465481E-05  -2.656928559522763E-04
      </IFC>
    </s_s1_m1_m2_m3.1.1.2.3.2>
    <s_s1_m1_m2_m3.1.1.3.3.2>
      <IFC>
   9.127927453820232E-05   2.665333882112662E-05   4.110771257554913E-05
   2.561619242643595E-04   2.545627428115195E-04   2.396494215100982E-04
   1.869886307422300E-04   1.554250341369412E-04   2.647942165401991E-04
      </IFC>
    </s_s1_m1_m2_m3.1.1.3.3.2>
    <s_s1_m1_m2_m3.1.1.4.3.2>
      <IFC>
  -1.442631107559657E-05  -1.197385523137127E-05  -2.354891713907685E-05
  -7.611504206120947E-05  -2.658219049853657E-05  -9.163470709211375E-05
  -1.010490671654480E-04  -1.039813753732816E-05  -5.355140032616291E-05
      </IFC>
    </s_s1_m1_m2_m3.1.1.4.3.2>
    <s_s1_m1_m2_m3.1.1.5.3.2>
      <IFC>
   1.816752947782188E-05  -9.035018104045870E-21   1.204669080539449E-20
   7.190368574469838E-20   1.816752947781894E-05  -1.204669080539449E-20
   1.204669080539449E-20  -4.818676322157797E-20   3.164119649183812E-05
      </IFC>
    </s_s1_m1_m2_m3.1.1.5.3.2>
    <s_s1_m1_m2_m3.1.1.6.3.2>
      <IFC>
  -1.442631107559681E-05   1.197385523137109E-05   2.354891713907686E-05
   7.611504206120918E-05  -2.658219049853623E-05  -9.163470709211375E-05
   1.010490671654480E-04  -1.039813753732813E-05  -5.355140032616291E-05
      </IFC>
    </s_s1_m1_m2_m3.1.1.6.3.2>
    <s_s1_m1_m2_m3.1.1.1.4.2>
      <IFC>
   7.088564871401970E-07  -4.676009353438168E-05   3.209558480415339E-05
  -4.676009353438168E-05   5.470276166595430E-05   1.853039452647512E-05
  -3.209558480415339E-05  -1.853039452647512E-05  -1.376308919298514E-05
      </IFC>
    </s_s1_m1_m2_m3.1.1.1.4.2>
    <s_s1_m1_m2_m3.1.1.2.4.2>
      <IFC>
   1.460039078056409E-05  -4.784718898969395E-06  -4.151948232335264E-05
   5.935646793086891E-05  -5.560889235469362E-05  -9.271012796265585E-05
   6.758352564058379E-05  -6.621131402011074E-05  -5.355140032616291E-05
      </IFC>
    </s_s1_m1_m2_m3.1.1.2.4.2>
    <s_s1_m1_m2_m3.1.1.3.4.2>
      <IFC>
   1.460039078056419E-05   4.784718898969227E-06   4.151948232335263E-05
  -5.935646793086884E-05  -5.560889235469439E-05  -9.271012796265590E-05
  -6.758352564058369E-05  -6.621131402011077E-05  -5.355140032616329E-05
      </IFC>
    </s_s1_m1_m2_m3.1.1.3.4.2>
    <s_s1_m1_m2_m3.1.1.4.4.2>
      <IFC>
   7.088564871392333E-07   4.676009353438173E-05  -3.209558480415340E-05
   4.676009353438173E-05   5.470276166595006E-05   1.853039452647515E-05
   3.209558480415340E-05  -1.853039452647515E-05  -1.376308919298514E-05
      </IFC>
    </s_s1_m1_m2_m3.1.1.4.4.2>
    <s_s1_m1_m2_m3.1.1.5.4.2>
      <IFC>
   1.460039078056419E-05  -5.935646793086884E-05   6.758352564058369E-05
   4.784718898969227E-06  -5.560889235469439E-05   6.621131402011077E-05
  -4.151948232335263E-05   9.271012796265590E-05  -5.355140032616329E-05
      </IFC>
    </s_s1_m1_m2_m3.1.1.5.4.2>
    <s_s1_m1_m2_m3.1.1.6.4.2>
      <IFC>
   1.460039078056409E-05   5.935646793086891E-05  -6.758352564058379E-05
  -4.784718898969395E-06  -5.560889235469362E-05   6.621131402011074E-05
   4.151948232335264E-05   9.271012796265585E-05  -5.355140032616291E-05
      </IFC>
    </s_s1_m1_m2_m3.1.1.6.4.2>
    <s_s1_m1_m2_m3.1.1.1.5.2>
      <IFC>
   9.127927453820049E-05  -2.561619242643593E-04   1.869886307422301E-04
  -2.665333882112638E-05   2.545627428115128E-04  -1.554250341369412E-04
   4.110771257554916E-05  -2.396494215100982E-04   2.647942165401981E-04
      </IFC>
    </s_s1_m1_m2_m3.1.1.1.5.2>
    <s_s1_m1_m2_m3.1.1.2.5.2>
      <IFC>
  -1.442631107559681E-05   7.611504206120918E-05  -1.010490671654480E-04
   1.197385523137109E-05  -2.658219049853623E-05   1.039813753732813E-05
  -2.354891713907686E-05   9.163470709211375E-05  -5.355140032616291E-05
      </IFC>
    </s_s1_m1_m2_m3.1.1.2.5.2>
    <s_s1_m1_m2_m3.1.1.3.5.2>
      <IFC>
   1.816752947782188E-05   7.190368574469838E-20  -1.204669080539449E-20
  -9.035018104045870E-21   1.816752947781894E-05   4.818676322157797E-20
  -1.204669080539449E-20   1.204669080539449E-20   3.164119649183812E-05
      </IFC>
    </s_s1_m1_m2_m3.1.1.3.5.2>
    <s_s1_m1_m2_m3.1.1.4.5.2>
      <IFC>
  -1.442631107559657E-05  -7.611504206120947E-05   1.010490671654480E-04
  -1.197385523137127E-05  -2.658219049853657E-05   1.039813753732816E-05
   2.354891713907685E-05   9.163470709211375E-05  -5.355140032616291E-05
      </IFC>
    </s_s1_m1_m2_m3.1.1.4.5.2>
    <s_s1_m1_m2_m3.1.1.5.5.2>
      <IFC>
   9.127927453820232E-05   2.561619242643595E-04  -1.869886307422300E-04
   2.665333882112662E-05   2.545627428115195E-04  -1.554250341369412E-04
  -4.110771257554913E-05  -2.396494215100982E-04   2.647942165401991E-04
      </IFC>
    </s_s1_m1_m2_m3.1.1.5.5.2>
    <s_s1_m1_m2_m3.1.1.6.5.2>
      <IFC>
   3.097879158425107E-07  -3.237548153949770E-20  -3.011672701348623E-21
  -1.505836350674312E-19  -2.300852701404293E-04  -6.337987487465481E-05
  -1.204669080539449E-20   5.760348776275940E-04  -2.656928559522763E-04
      </IFC>
    </s_s1_m1_m2_m3.1.1.6.5.2>
    <s_s1_m1_m2_m3.1.1.1.6.2>
      <IFC>
  -2.039288253878243E-04   1.804660603874600E-04   2.668518036692073E-04
   6.009473949223011E-05  -3.428166679547957E-04   2.897763798200240E-05
  -1.585212724686884E-04  -2.166116220322134E-04  -1.000257906813442E-03
      </IFC>
    </s_s1_m1_m2_m3.1.1.1.6.2>
    <s_s1_m1_m2_m3.1.1.2.6.2>
      <IFC>
  -1.724865056263866E-04   9.976398659156887E-05  -4.988608374913922E-04
   9.976398659156848E-05  -5.728897659822615E-05   2.880174388137970E-04
   5.488858173013399E-05  -3.168993743732740E-05  -2.656928559522764E-04
      </IFC>
    </s_s1_m1_m2_m3.1.1.2.6.2>
    <s_s1_m1_m2_m3.1.1.3.6.2>
      <IFC>
  -6.168683206617443E-05  -1.531201928457870E-05  -5.952958484209541E-05
   4.882916754525941E-05   2.067833049203233E-05   8.231199042532768E-05
  -9.113244277966063E-05  -2.542339307200303E-05  -5.355140032616273E-05
      </IFC>
    </s_s1_m1_m2_m3.1.1.3.6.2>
    <s_s1_m1_m2_m3.1.1.4.6.2>
      <IFC>
  -6.168683206617419E-05   1.531201928457827E-05   5.952958484209545E-05
  -4.882916754525994E-05   2.067833049203363E-05   8.231199042532769E-05
   9.113244277966065E-05  -2.542339307200300E-05  -5.355140032616291E-05
      </IFC>
    </s_s1_m1_m2_m3.1.1.4.6.2>
    <s_s1_m1_m2_m3.1.1.5.6.2>
      <IFC>
  -1.724865056263866E-04  -9.976398659156853E-05   4.988608374913920E-04
  -9.976398659156853E-05  -5.728897659822769E-05   2.880174388137970E-04
  -5.488858173013401E-05  -3.168993743732738E-05  -2.656928559522761E-04
      </IFC>
    </s_s1_m1_m2_m3.1.1.5.6.2>
    <s_s1_m1_m2_m3.1.1.6.6.2>
      <IFC>
  -2.039288253878243E-04  -1.804660603874596E-04  -2.668518036692073E-04
  -6.009473949223030E-05  -3.428166679547969E-04   2.897763798200238E-05
   1.585212724686884E-04  -2.166116220322134E-04  -1.000257906813442E-03
      </IFC>
    </s_s1_m1_m2_m3.1.1.6.6.2>
    <s_s1_m1_m2_m3.1.1.1.1.3>
      <IFC>
   1.394508612447461E-04  -1.638349949533651E-18   2.883000508336020E-37
  -1.638349949533651E-18   1.394508612447338E-04  -8.322505597807552E-38
   2.883000508336020E-37  -8.322505597807552E-38   1.644235142628323E-03
      </IFC>
    </s_s1_m1_m2_m3.1.1.1.1.3>
    <s_s1_m1_m2_m3.1.1.2.1.3>
      <IFC>
   3.370142517655155E-05  -2.539220445539344E-05   4.443470307925047E-37
   2.539220445539498E-05  -1.490636053113977E-05  -1.244373154225873E-38
   1.322530708746994E-37   9.566878752033437E-38  -8.523688563754672E-05
      </IFC>
    </s_s1_m1_m2_m3.1.1.2.1.3>
    <s_s1_m1_m2_m3.1.1.3.1.3>
      <IFC>
  -3.372577175519667E-05   3.361604578936604E-05   1.322530708746994E-37
  -3.361604578936693E-05   1.408355008292674E-05   9.566878752033437E-38
   4.443470307925047E-37  -1.244373154225873E-38  -2.135951664391237E-05
      </IFC>
    </s_s1_m1_m2_m3.1.1.3.1.3>
    <s_s1_m1_m2_m3.1.1.4.1.3>
      <IFC>
  -4.957658598549726E-05   7.468948299344587E-19   2.883000508336020E-37
   7.468948299344587E-19  -4.243295266440699E-05  -8.322505597807552E-38
   2.883000508336020E-37  -8.322505597807552E-38  -6.147964113898554E-05
      </IFC>
    </s_s1_m1_m2_m3.1.1.4.1.3>
    <s_s1_m1_m2_m3.1.1.5.1.3>
      <IFC>
  -3.372577175519667E-05  -3.361604578936693E-05   4.443470307925047E-37
   3.361604578936604E-05   1.408355008292674E-05  -1.244373154225873E-38
   1.322530708746994E-37   9.566878752033437E-38  -2.135951664391237E-05
      </IFC>
    </s_s1_m1_m2_m3.1.1.5.1.3>
    <s_s1_m1_m2_m3.1.1.6.1.3>
      <IFC>
   3.370142517655155E-05   2.539220445539498E-05   1.322530708746994E-37
  -2.539220445539344E-05  -1.490636053113977E-05   9.566878752033437E-38
   4.443470307925047E-37  -1.244373154225873E-38  -8.523688563754672E-05
      </IFC>
    </s_s1_m1_m2_m3.1.1.6.1.3>
    <s_s1_m1_m2_m3.1.1.1.2.3>
      <IFC>
  -2.754414104219153E-06  -4.643999307767620E-05   4.443470307925047E-37
   4.344415833112032E-06   2.154947874962053E-05  -1.244373154225873E-38
   1.322530708746994E-37   9.566878752033437E-38  -8.523688563754681E-05
      </IFC>
    </s_s1_m1_m2_m3.1.1.1.2.3>
    <s_s1_m1_m2_m3.1.1.2.2.3>
      <IFC>
  -2.754414104219153E-06   4.643999307767601E-05   1.322530708746993E-37
  -4.344415833112032E-06   2.154947874962670E-05   9.566878752033437E-38
   4.443470307925048E-37  -1.244373154225875E-38  -8.523688563754691E-05
      </IFC>
    </s_s1_m1_m2_m3.1.1.2.2.3>
    <s_s1_m1_m2_m3.1.1.3.2.3>
      <IFC>
  -2.307741782816492E-05   3.999675260344840E-07   2.883000508336020E-37
   3.999675260344840E-07  -2.353926054580396E-05  -8.322505597807551E-38
   2.883000508336020E-37  -8.322505597807552E-38  -1.569109939248457E-05
      </IFC>
    </s_s1_m1_m2_m3.1.1.3.2.3>
    <s_s1_m1_m2_m3.1.1.4.2.3>
      <IFC>
   2.353268167759536E-05  -7.589493927355218E-06   4.443470307925047E-37
   1.212868744706589E-05   1.112870911571663E-05  -1.244373154225873E-38
   1.322530708746994E-37   9.566878752033437E-38   2.687021759371313E-05
      </IFC>
    </s_s1_m1_m2_m3.1.1.4.2.3>
    <s_s1_m1_m2_m3.1.1.5.2.3>
      <IFC>
   2.353268167759594E-05   7.589493927354312E-06   1.322530708746993E-37
  -1.212868744706695E-05   1.112870911571590E-05   9.566878752033437E-38
   4.443470307925048E-37  -1.244373154225875E-38   2.687021759371312E-05
      </IFC>
    </s_s1_m1_m2_m3.1.1.5.2.3>
    <s_s1_m1_m2_m3.1.1.6.2.3>
      <IFC>
  -2.307741782816570E-05  -3.999675260339058E-07   2.883000508336020E-37
  -3.999675260335203E-07  -2.353926054580627E-05  -8.322505597807551E-38
   2.883000508336020E-37  -8.322505597807552E-38  -1.569109939248457E-05
      </IFC>
    </s_s1_m1_m2_m3.1.1.6.2.3>
    <s_s1_m1_m2_m3.1.1.1.3.3>
      <IFC>
   2.131219623400608E-06   5.431808941412716E-05   1.322530708746994E-37
  -1.291400216460591E-05  -2.177344129566322E-05   9.566878752033437E-38
   4.443470307925047E-37  -1.244373154225873E-38  -2.135951664391295E-05
      </IFC>
    </s_s1_m1_m2_m3.1.1.1.3.3>
    <s_s1_m1_m2_m3.1.1.2.3.3>
      <IFC>
  -2.377018190463552E-05   1.374828588165647E-18   2.883000508336020E-37
   1.618774076974885E-18  -2.284649646933456E-05  -8.322505597807552E-38
   2.883000508336020E-37  -8.322505597807551E-38  -1.569109939248458E-05
      </IFC>
    </s_s1_m1_m2_m3.1.1.2.3.3>
    <s_s1_m1_m2_m3.1.1.3.3.3>
      <IFC>
   2.131219623399331E-06  -5.431808941412747E-05   4.443470307925048E-37
   1.291400216460555E-05  -2.177344129566613E-05  -1.244373154225875E-38
   1.322530708746993E-37   9.566878752033437E-38  -2.135951664391180E-05
      </IFC>
    </s_s1_m1_m2_m3.1.1.3.3.3>
    <s_s1_m1_m2_m3.1.1.4.3.3>
      <IFC>
   1.619523070656689E-05   1.636496674035424E-05   1.322530708746994E-37
  -3.353214634066872E-06   1.846616008674037E-05   9.566878752033437E-38
   4.443470307925047E-37  -1.244373154225873E-38   2.687021759371313E-05
      </IFC>
    </s_s1_m1_m2_m3.1.1.4.3.3>
    <s_s1_m1_m2_m3.1.1.5.3.3>
      <IFC>
  -4.250145099674449E-06  -4.366925416955504E-19   2.883000508336020E-37
  -4.039406010683841E-19  -4.250145099677455E-06  -8.322505597807552E-38
   2.883000508336020E-37  -8.322505597807551E-38  -2.375380231457184E-05
      </IFC>
    </s_s1_m1_m2_m3.1.1.5.3.3>
    <s_s1_m1_m2_m3.1.1.6.3.3>
      <IFC>
   1.619523070656634E-05  -1.636496674035528E-05   4.443470307925048E-37
   3.353214634065915E-06   1.846616008673859E-05  -1.244373154225875E-38
   1.322530708746993E-37   9.566878752033437E-38   2.687021759371312E-05
      </IFC>
    </s_s1_m1_m2_m3.1.1.6.3.3>
    <s_s1_m1_m2_m3.1.1.1.4.3>
      <IFC>
  -4.421886099467467E-05   3.093283965691548E-06   2.883000508336020E-37
   3.093283965691548E-06  -4.779067765521946E-05  -8.322505597807552E-38
   2.883000508336020E-37  -8.322505597807552E-38  -6.147964113898266E-05
      </IFC>
    </s_s1_m1_m2_m3.1.1.1.4.3>
    <s_s1_m1_m2_m3.1.1.2.4.3>
      <IFC>
   1.226417380580151E-05  -1.409536998049849E-05   4.443470307925047E-37
   5.622811393922128E-06   2.239721698750339E-05  -1.244373154225873E-38
   1.322530708746994E-37   9.566878752033437E-38   2.687021759371313E-05
      </IFC>
    </s_s1_m1_m2_m3.1.1.2.4.3>
    <s_s1_m1_m2_m3.1.1.3.4.3>
      <IFC>
   1.226417380580295E-05   1.409536998049922E-05   1.322530708746994E-37
  -5.622811393921983E-06   2.239721698750513E-05   9.566878752033437E-38
   4.443470307925047E-37  -1.244373154225873E-38   2.687021759371313E-05
      </IFC>
    </s_s1_m1_m2_m3.1.1.3.4.3>
    <s_s1_m1_m2_m3.1.1.4.4.3>
      <IFC>
  -4.421886099467621E-05  -3.093283965692969E-06   2.883000508336020E-37
  -3.093283965692969E-06  -4.779067765521493E-05  -8.322505597807552E-38
   2.883000508336020E-37  -8.322505597807552E-38  -6.147964113898554E-05
      </IFC>
    </s_s1_m1_m2_m3.1.1.4.4.3>
    <s_s1_m1_m2_m3.1.1.5.4.3>
      <IFC>
   1.226417380580295E-05  -5.622811393921983E-06   4.443470307925047E-37
   1.409536998049922E-05   2.239721698750513E-05  -1.244373154225873E-38
   1.322530708746994E-37   9.566878752033437E-38   2.687021759371313E-05
      </IFC>
    </s_s1_m1_m2_m3.1.1.5.4.3>
    <s_s1_m1_m2_m3.1.1.6.4.3>
      <IFC>
   1.226417380580151E-05   5.622811393922128E-06   1.322530708746994E-37
  -1.409536998049849E-05   2.239721698750339E-05   9.566878752033437E-38
   4.443470307925047E-37  -1.244373154225873E-38   2.687021759371313E-05
      </IFC>
    </s_s1_m1_m2_m3.1.1.6.4.3>
    <s_s1_m1_m2_m3.1.1.1.5.3>
      <IFC>
   2.131219623400608E-06  -1.291400216460591E-05   4.443470307925047E-37
   5.431808941412716E-05  -2.177344129566322E-05  -1.244373154225873E-38
   1.322530708746994E-37   9.566878752033437E-38  -2.135951664391295E-05
      </IFC>
    </s_s1_m1_m2_m3.1.1.1.5.3>
    <s_s1_m1_m2_m3.1.1.2.5.3>
      <IFC>
   1.619523070656634E-05   3.353214634065915E-06   1.322530708746993E-37
  -1.636496674035528E-05   1.846616008673859E-05   9.566878752033437E-38
   4.443470307925048E-37  -1.244373154225875E-38   2.687021759371312E-05
      </IFC>
    </s_s1_m1_m2_m3.1.1.2.5.3>
    <s_s1_m1_m2_m3.1.1.3.5.3>
      <IFC>
  -4.250145099674449E-06  -4.039406010683841E-19   2.883000508336020E-37
  -4.366925416955504E-19  -4.250145099677455E-06  -8.322505597807551E-38
   2.883000508336020E-37  -8.322505597807552E-38  -2.375380231457184E-05
      </IFC>
    </s_s1_m1_m2_m3.1.1.3.5.3>
    <s_s1_m1_m2_m3.1.1.4.5.3>
      <IFC>
   1.619523070656689E-05  -3.353214634066872E-06   4.443470307925047E-37
   1.636496674035424E-05   1.846616008674037E-05  -1.244373154225873E-38
   1.322530708746994E-37   9.566878752033437E-38   2.687021759371313E-05
      </IFC>
    </s_s1_m1_m2_m3.1.1.4.5.3>
    <s_s1_m1_m2_m3.1.1.5.5.3>
      <IFC>
   2.131219623399331E-06   1.291400216460555E-05   1.322530708746993E-37
  -5.431808941412747E-05  -2.177344129566613E-05   9.566878752033437E-38
   4.443470307925048E-37  -1.244373154225875E-38  -2.135951664391180E-05
      </IFC>
    </s_s1_m1_m2_m3.1.1.5.5.3>
    <s_s1_m1_m2_m3.1.1.6.5.3>
      <IFC>
  -2.377018190463552E-05   1.618774076974885E-18   2.883000508336020E-37
   1.374828588165647E-18  -2.284649646933456E-05  -8.322505597807551E-38
   2.883000508336020E-37  -8.322505597807552E-38  -1.569109939248458E-05
      </IFC>
    </s_s1_m1_m2_m3.1.1.6.5.3>
    <s_s1_m1_m2_m3.1.1.1.6.3>
      <IFC>
  -2.754414104219153E-06   4.344415833112032E-06   1.322530708746994E-37
  -4.643999307767620E-05   2.154947874962053E-05   9.566878752033437E-38
   4.443470307925047E-37  -1.244373154225873E-38  -8.523688563754681E-05
      </IFC>
    </s_s1_m1_m2_m3.1.1.1.6.3>
    <s_s1_m1_m2_m3.1.1.2.6.3>
      <IFC>
  -2.307741782816570E-05  -3.999675260335203E-07   2.883000508336020E-37
  -3.999675260339058E-07  -2.353926054580627E-05  -8.322505597807552E-38
   2.883000508336020E-37  -8.322505597807551E-38  -1.569109939248457E-05
      </IFC>
    </s_s1_m1_m2_m3.1.1.2.6.3>
    <s_s1_m1_m2_m3.1.1.3.6.3>
      <IFC>
   2.353268167759594E-05  -1.212868744706695E-05   4.443470307925048E-37
   7.589493927354312E-06   1.112870911571590E-05  -1.244373154225875E-38
   1.322530708746993E-37   9.566878752033437E-38   2.687021759371312E-05
      </IFC>
    </s_s1_m1_m2_m3.1.1.3.6.3>
    <s_s1_m1_m2_m3.1.1.4.6.3>
      <IFC>
   2.353268167759536E-05   1.212868744706589E-05   1.322530708746994E-37
  -7.589493927355218E-06   1.112870911571663E-05   9.566878752033437E-38
   4.443470307925047E-37  -1.244373154225873E-38   2.687021759371313E-05
      </IFC>
    </s_s1_m1_m2_m3.1.1.4.6.3>
    <s_s1_m1_m2_m3.1.1.5.6.3>
      <IFC>
  -2.307741782816492E-05   3.999675260344840E-07   2.883000508336020E-37
   3.999675260344840E-07  -2.353926054580396E-05  -8.322505597807552E-38
   2.883000508336020E-37  -8.322505597807551E-38  -1.569109939248457E-05
      </IFC>
    </s_s1_m1_m2_m3.1.1.5.6.3>
    <s_s1_m1_m2_m3.1.1.6.6.3>
      <IFC>
  -2.754414104219153E-06  -4.344415833112032E-06   4.443470307925048E-37
   4.643999307767601E-05   2.154947874962670E-05  -1.244373154225875E-38
   1.322530708746993E-37   9.566878752033437E-38  -8.523688563754691E-05
      </IFC>
    </s_s1_m1_m2_m3.1.1.6.6.3>
    <s_s1_m1_m2_m3.1.1.1.1.4>
      <IFC>
   2.024909794769606E-03  -2.891205793294678E-19  -1.204669080539449E-20
  -2.891205793294678E-19   2.024909794769325E-03  -3.011672701348623E-21
   1.204669080539449E-20   3.011672701348623E-21   7.295752436301798E-03
      </IFC>
    </s_s1_m1_m2_m3.1.1.1.1.4>
    <s_s1_m1_m2_m3.1.1.2.1.4>
      <IFC>
  -4.122605892383540E-04  -6.018566044761406E-05  -1.083305312005190E-04
   6.018566044761560E-05  -1.344849041042946E-04   2.455892600142158E-04
  -1.083305312005190E-04  -2.455892600142158E-04  -1.000257906813442E-03
      </IFC>
    </s_s1_m1_m2_m3.1.1.2.1.4>
    <s_s1_m1_m2_m3.1.1.3.1.4>
      <IFC>
   3.362044769482271E-04   1.147542927216150E-04  -2.280963433177792E-04
  -1.147542927216178E-04   9.637540401525645E-06   8.422438737315699E-05
  -2.280963433177792E-04  -8.422438737315700E-05   2.647942165401991E-04
      </IFC>
    </s_s1_m1_m2_m3.1.1.3.1.4>
    <s_s1_m1_m2_m3.1.1.4.1.4>
      <IFC>
   8.169971425537099E-05   1.541976423090495E-18   1.505836350674311E-21
   1.541976423090495E-18  -2.628809610226589E-05   3.706078905295027E-05
  -1.505836350674312E-21  -3.706078905295027E-05  -1.376308919298514E-05
      </IFC>
    </s_s1_m1_m2_m3.1.1.4.1.4>
    <s_s1_m1_m2_m3.1.1.5.1.4>
      <IFC>
   3.362044769482271E-04  -1.147542927216178E-04   2.280963433177792E-04
   1.147542927216150E-04   9.637540401525645E-06   8.422438737315700E-05
   2.280963433177792E-04  -8.422438737315699E-05   2.647942165401991E-04
      </IFC>
    </s_s1_m1_m2_m3.1.1.5.1.4>
    <s_s1_m1_m2_m3.1.1.6.1.4>
      <IFC>
  -4.122605892383540E-04   6.018566044761560E-05   1.083305312005190E-04
  -6.018566044761406E-05  -1.344849041042946E-04   2.455892600142158E-04
   1.083305312005190E-04  -2.455892600142158E-04  -1.000257906813442E-03
      </IFC>
    </s_s1_m1_m2_m3.1.1.6.1.4>
    <s_s1_m1_m2_m3.1.1.1.2.4>
      <IFC>
  -2.039288253878243E-04   6.009473949223011E-05  -1.585212724686884E-04
   1.804660603874600E-04  -3.428166679547957E-04  -2.166116220322134E-04
   2.668518036692073E-04   2.897763798200240E-05  -1.000257906813442E-03
      </IFC>
    </s_s1_m1_m2_m3.1.1.1.2.4>
    <s_s1_m1_m2_m3.1.1.2.2.4>
      <IFC>
  -2.039288253878243E-04  -6.009473949223030E-05   1.585212724686884E-04
  -1.804660603874596E-04  -3.428166679547969E-04  -2.166116220322134E-04
  -2.668518036692073E-04   2.897763798200238E-05  -1.000257906813442E-03
      </IFC>
    </s_s1_m1_m2_m3.1.1.2.2.4>
    <s_s1_m1_m2_m3.1.1.3.2.4>
      <IFC>
  -1.724865056263866E-04  -9.976398659156853E-05  -5.488858173013401E-05
  -9.976398659156853E-05  -5.728897659822769E-05  -3.168993743732738E-05
   4.988608374913920E-04   2.880174388137970E-04  -2.656928559522761E-04
      </IFC>
    </s_s1_m1_m2_m3.1.1.3.2.4>
    <s_s1_m1_m2_m3.1.1.4.2.4>
      <IFC>
  -6.168683206617419E-05  -4.882916754525994E-05   9.113244277966065E-05
   1.531201928457827E-05   2.067833049203363E-05  -2.542339307200300E-05
   5.952958484209545E-05   8.231199042532769E-05  -5.355140032616291E-05
      </IFC>
    </s_s1_m1_m2_m3.1.1.4.2.4>
    <s_s1_m1_m2_m3.1.1.5.2.4>
      <IFC>
  -6.168683206617443E-05   4.882916754525941E-05  -9.113244277966063E-05
  -1.531201928457870E-05   2.067833049203233E-05  -2.542339307200303E-05
  -5.952958484209541E-05   8.231199042532768E-05  -5.355140032616273E-05
      </IFC>
    </s_s1_m1_m2_m3.1.1.5.2.4>
    <s_s1_m1_m2_m3.1.1.6.2.4>
      <IFC>
  -1.724865056263866E-04   9.976398659156848E-05   5.488858173013399E-05
   9.976398659156887E-05  -5.728897659822615E-05  -3.168993743732740E-05
  -4.988608374913922E-04   2.880174388137970E-04  -2.656928559522764E-04
      </IFC>
    </s_s1_m1_m2_m3.1.1.6.2.4>
    <s_s1_m1_m2_m3.1.1.1.3.4>
      <IFC>
   9.127927453820049E-05  -2.665333882112638E-05   4.110771257554916E-05
  -2.561619242643593E-04   2.545627428115128E-04  -2.396494215100982E-04
   1.869886307422301E-04  -1.554250341369412E-04   2.647942165401981E-04
      </IFC>
    </s_s1_m1_m2_m3.1.1.1.3.4>
    <s_s1_m1_m2_m3.1.1.2.3.4>
      <IFC>
   3.097879158425107E-07  -1.505836350674312E-19  -1.204669080539449E-20
  -3.237548153949770E-20  -2.300852701404293E-04   5.760348776275940E-04
  -3.011672701348623E-21  -6.337987487465481E-05  -2.656928559522763E-04
      </IFC>
    </s_s1_m1_m2_m3.1.1.2.3.4>
    <s_s1_m1_m2_m3.1.1.3.3.4>
      <IFC>
   9.127927453820232E-05   2.665333882112662E-05  -4.110771257554913E-05
   2.561619242643595E-04   2.545627428115195E-04  -2.396494215100982E-04
  -1.869886307422300E-04  -1.554250341369412E-04   2.647942165401991E-04
      </IFC>
    </s_s1_m1_m2_m3.1.1.3.3.4>
    <s_s1_m1_m2_m3.1.1.4.3.4>
      <IFC>
  -1.442631107559657E-05  -1.197385523137127E-05   2.354891713907685E-05
  -7.611504206120947E-05  -2.658219049853657E-05   9.163470709211375E-05
   1.010490671654480E-04   1.039813753732816E-05  -5.355140032616291E-05
      </IFC>
    </s_s1_m1_m2_m3.1.1.4.3.4>
    <s_s1_m1_m2_m3.1.1.5.3.4>
      <IFC>
   1.816752947782188E-05  -9.035018104045870E-21  -1.204669080539449E-20
   7.190368574469838E-20   1.816752947781894E-05   1.204669080539449E-20
  -1.204669080539449E-20   4.818676322157797E-20   3.164119649183812E-05
      </IFC>
    </s_s1_m1_m2_m3.1.1.5.3.4>
    <s_s1_m1_m2_m3.1.1.6.3.4>
      <IFC>
  -1.442631107559681E-05   1.197385523137109E-05  -2.354891713907686E-05
   7.611504206120918E-05  -2.658219049853623E-05   9.163470709211375E-05
  -1.010490671654480E-04   1.039813753732813E-05  -5.355140032616291E-05
      </IFC>
    </s_s1_m1_m2_m3.1.1.6.3.4>
    <s_s1_m1_m2_m3.1.1.1.4.4>
