<?xml version="1.0" encoding="UTF-8"?>
<Root>
  <GEOMETRY_INFO>
    <NUMBER_OF_TYPES>1</NUMBER_OF_TYPES>
    <NUMBER_OF_ATOMS>2</NUMBER_OF_ATOMS>
    <BRAVAIS_LATTICE_INDEX>4</BRAVAIS_LATTICE_INDEX>
    <SPIN_COMPONENTS>1</SPIN_COMPONENTS>
    <CELL_DIMENSIONS>
   6.093687070000000E+00   0.000000000000000E+00   1.546365030000000E+00
   0.000000000000000E+00   0.000000000000000E+00   0.000000000000000E+00
    </CELL_DIMENSIONS>
    <AT>
   1.000000000000000E+00   0.000000000000000E+00   0.000000000000000E+00
  -5.000000000000000E-01   8.660254037844999E-01   0.000000000000000E+00
   0.000000000000000E+00   0.000000000000000E+00   1.546365030000000E+00
    </AT>
    <BG>
   1.000000000000000E+00   5.773502691895849E-01  -0.000000000000000E+00
   0.000000000000000E+00   1.154700538379170E+00   0.000000000000000E+00
   0.000000000000000E+00  -0.000000000000000E+00   6.466778416477770E-01
    </BG>
    <UNIT_CELL_VOLUME_AU>303.02823464859011</UNIT_CELL_VOLUME_AU>
    <TYPE_NAME.1>Sc</TYPE_NAME.1>
    <MASS.1>44.595999999999997</MASS.1>
    <ATOM.1 SPECIES="Sc" INDEX="1" TAU="0.0000000000000000 0.0000000000000000 0.0000000000000000"/>
    <ATOM.2 SPECIES="Sc" INDEX="1" TAU="0.50000000000050004 0.28867513459454475 0.77318251500000001"/>
    <NUMBER_OF_Q>6</NUMBER_OF_Q>
  </GEOMETRY_INFO>
  <DIELECTRIC_PROPERTIES epsil="false" zstar="false" raman="false">
  </DIELECTRIC_PROPERTIES>
  <INTERATOMIC_FORCE_CONSTANTS>
    <MESH_NQ1_NQ2_NQ3>
                 4                 4                 2
    </MESH_NQ1_NQ2_NQ3>
    <s_s1_m1_m2_m3.1.1.1.1.1>
      <IFC>
   9.867444156812494E-02   1.734723475976807E-18   0.000000000000000E+00
   1.734723475976807E-18   9.867444156811095E-02   0.000000000000000E+00
   0.000000000000000E+00   0.000000000000000E+00   9.726995543365169E-02
      </IFC>
    </s_s1_m1_m2_m3.1.1.1.1.1>
    <s_s1_m1_m2_m3.1.1.2.1.1>
      <IFC>
  -1.834084945197048E-02  -4.183304567263514E-03   0.000000000000000E+00
   4.183304567263512E-03  -2.081979456785300E-03   0.000000000000000E+00
   0.000000000000000E+00   0.000000000000000E+00   7.344263453201993E-04
      </IFC>
    </s_s1_m1_m2_m3.1.1.2.1.1>
    <s_s1_m1_m2_m3.1.1.3.1.1>
      <IFC>
   3.410421755128982E-04  -9.757819552369540E-19   0.000000000000000E+00
  -9.757819552369540E-19  -5.293569505547433E-04   0.000000000000000E+00
   0.000000000000000E+00   0.000000000000000E+00  -8.171422760472960E-04
      </IFC>
    </s_s1_m1_m2_m3.1.1.3.1.1>
    <s_s1_m1_m2_m3.1.1.4.1.1>
      <IFC>
  -1.834084945197048E-02   4.183304567263512E-03   0.000000000000000E+00
  -4.183304567263514E-03  -2.081979456785300E-03   0.000000000000000E+00
   0.000000000000000E+00   0.000000000000000E+00   7.344263453201993E-04
      </IFC>
    </s_s1_m1_m2_m3.1.1.4.1.1>
    <s_s1_m1_m2_m3.1.1.1.2.1>
      <IFC>
  -6.146696955581819E-03   2.856992659065327E-03   0.000000000000000E+00
   1.122360179359235E-02  -1.427613195317223E-02   0.000000000000000E+00
   0.000000000000000E+00   0.000000000000000E+00   7.344263453201993E-04
      </IFC>
    </s_s1_m1_m2_m3.1.1.1.2.1>
    <s_s1_m1_m2_m3.1.1.2.2.1>
      <IFC>
  -6.146696955581817E-03  -2.856992659065328E-03   0.000000000000000E+00
  -1.122360179359235E-02  -1.427613195317224E-02   0.000000000000000E+00
   0.000000000000000E+00   0.000000000000000E+00   7.344263453201993E-04
      </IFC>
    </s_s1_m1_m2_m3.1.1.2.2.1>
    <s_s1_m1_m2_m3.1.1.3.2.1>
      <IFC>
  -1.746502322337380E-03  -1.403872758130886E-03   0.000000000000000E+00
  -1.403872758130886E-03  -1.254496927075533E-04   0.000000000000000E+00
   0.000000000000000E+00   0.000000000000000E+00  -1.842590849343399E-04
      </IFC>
    </s_s1_m1_m2_m3.1.1.3.2.1>
    <s_s1_m1_m2_m3.1.1.4.2.1>
      <IFC>
  -1.746502322337383E-03   1.403872758130888E-03   0.000000000000000E+00
   1.403872758130888E-03  -1.254496927075451E-04   0.000000000000000E+00
   0.000000000000000E+00   0.000000000000000E+00  -1.842590849343399E-04
      </IFC>
    </s_s1_m1_m2_m3.1.1.4.2.1>
    <s_s1_m1_m2_m3.1.1.1.3.1>
      <IFC>
  -3.117571690378802E-04  -3.768938773031794E-04   0.000000000000000E+00
  -3.768938773031794E-04   1.234423939959380E-04   0.000000000000000E+00
   0.000000000000000E+00   0.000000000000000E+00  -8.171422760472960E-04
      </IFC>
    </s_s1_m1_m2_m3.1.1.1.3.1>
    <s_s1_m1_m2_m3.1.1.2.3.1>
      <IFC>
   6.850766221073376E-04  -1.084202172485504E-18   0.000000000000000E+00
  -8.673617379884035E-19  -2.557028637151926E-03   0.000000000000000E+00
   0.000000000000000E+00   0.000000000000000E+00  -1.842590849343399E-04
      </IFC>
    </s_s1_m1_m2_m3.1.1.2.3.1>
    <s_s1_m1_m2_m3.1.1.3.3.1>
      <IFC>
  -3.117571690378915E-04   3.768938773031802E-04   0.000000000000000E+00
   3.768938773031802E-04   1.234423939959527E-04   0.000000000000000E+00
   0.000000000000000E+00   0.000000000000000E+00  -8.171422760472960E-04
      </IFC>
    </s_s1_m1_m2_m3.1.1.3.3.1>
    <s_s1_m1_m2_m3.1.1.4.3.1>
      <IFC>
   6.850766221073376E-04  -8.673617379884035E-19   0.000000000000000E+00
  -1.084202172485504E-18  -2.557028637151926E-03   0.000000000000000E+00
   0.000000000000000E+00   0.000000000000000E+00  -1.842590849343399E-04
      </IFC>
    </s_s1_m1_m2_m3.1.1.4.3.1>
    <s_s1_m1_m2_m3.1.1.1.4.1>
      <IFC>
  -6.146696955581819E-03   1.122360179359235E-02   0.000000000000000E+00
   2.856992659065327E-03  -1.427613195317223E-02   0.000000000000000E+00
   0.000000000000000E+00   0.000000000000000E+00   7.344263453201993E-04
      </IFC>
    </s_s1_m1_m2_m3.1.1.1.4.1>
    <s_s1_m1_m2_m3.1.1.2.4.1>
      <IFC>
  -1.746502322337383E-03   1.403872758130888E-03   0.000000000000000E+00
   1.403872758130888E-03  -1.254496927075451E-04   0.000000000000000E+00
   0.000000000000000E+00   0.000000000000000E+00  -1.842590849343399E-04
      </IFC>
    </s_s1_m1_m2_m3.1.1.2.4.1>
    <s_s1_m1_m2_m3.1.1.3.4.1>
      <IFC>
  -1.746502322337380E-03  -1.403872758130886E-03   0.000000000000000E+00
  -1.403872758130886E-03  -1.254496927075533E-04   0.000000000000000E+00
   0.000000000000000E+00   0.000000000000000E+00  -1.842590849343399E-04
      </IFC>
    </s_s1_m1_m2_m3.1.1.3.4.1>
    <s_s1_m1_m2_m3.1.1.4.4.1>
      <IFC>
  -6.146696955581817E-03  -1.122360179359235E-02   0.000000000000000E+00
  -2.856992659065328E-03  -1.427613195317224E-02   0.000000000000000E+00
   0.000000000000000E+00   0.000000000000000E+00   7.344263453201993E-04
      </IFC>
    </s_s1_m1_m2_m3.1.1.4.4.1>
    <s_s1_m1_m2_m3.1.1.1.1.2>
      <IFC>
   4.004579615056819E-03  -2.602085213965211E-18   0.000000000000000E+00
  -2.602085213965211E-18   4.004579615056243E-03   0.000000000000000E+00
   0.000000000000000E+00   0.000000000000000E+00   1.462667747462406E-02
      </IFC>
    </s_s1_m1_m2_m3.1.1.1.1.2>
    <s_s1_m1_m2_m3.1.1.2.1.2>
      <IFC>
  -7.292828580198370E-04  -1.438259575374358E-04   0.000000000000000E+00
   1.438259575374393E-04  -2.981567643865414E-04   0.000000000000000E+00
   0.000000000000000E+00   0.000000000000000E+00  -2.047791503620803E-03
      </IFC>
    </s_s1_m1_m2_m3.1.1.2.1.2>
    <s_s1_m1_m2_m3.1.1.3.1.2>
      <IFC>
   1.383316268711412E-03  -1.626303258728257E-18   0.000000000000000E+00
  -1.626303258728257E-18   7.728152366735189E-05   0.000000000000000E+00
   0.000000000000000E+00   0.000000000000000E+00   1.088845191547892E-03
      </IFC>
    </s_s1_m1_m2_m3.1.1.3.1.2>
    <s_s1_m1_m2_m3.1.1.4.1.2>
      <IFC>
  -7.292828580198370E-04   1.438259575374393E-04   0.000000000000000E+00
  -1.438259575374358E-04  -2.981567643865414E-04   0.000000000000000E+00
   0.000000000000000E+00   0.000000000000000E+00  -2.047791503620803E-03
      </IFC>
    </s_s1_m1_m2_m3.1.1.4.1.2>
    <s_s1_m1_m2_m3.1.1.1.2.2>
      <IFC>
  -4.059382877948971E-04   4.285711712292452E-05   0.000000000000000E+00
   3.305090321977996E-04  -6.215013346114306E-04   0.000000000000000E+00
   0.000000000000000E+00   0.000000000000000E+00  -2.047791503620802E-03
      </IFC>
    </s_s1_m1_m2_m3.1.1.1.2.2>
    <s_s1_m1_m2_m3.1.1.2.2.2>
      <IFC>
  -4.059382877948936E-04  -4.285711712292278E-05   0.000000000000000E+00
  -3.305090321977988E-04  -6.215013346114332E-04   0.000000000000000E+00
   0.000000000000000E+00   0.000000000000000E+00  -2.047791503620803E-03
      </IFC>
    </s_s1_m1_m2_m3.1.1.2.2.2>
    <s_s1_m1_m2_m3.1.1.3.2.2>
      <IFC>
  -4.413891934628338E-04  -2.134869911429852E-04   0.000000000000000E+00
  -2.134869911429852E-04  -1.948756498530079E-04   0.000000000000000E+00
   0.000000000000000E+00   0.000000000000000E+00  -7.133412742281898E-04
      </IFC>
    </s_s1_m1_m2_m3.1.1.3.2.2>
    <s_s1_m1_m2_m3.1.1.4.2.2>
      <IFC>
  -4.413891934628381E-04   2.134869911429851E-04   0.000000000000000E+00
   2.134869911429850E-04  -1.948756498530197E-04   0.000000000000000E+00
   0.000000000000000E+00   0.000000000000000E+00  -7.133412742281898E-04
      </IFC>
    </s_s1_m1_m2_m3.1.1.4.2.2>
    <s_s1_m1_m2_m3.1.1.1.3.2>
      <IFC>
   4.037902099283779E-04  -5.655296337165969E-04   0.000000000000000E+00
  -5.655296337165969E-04   1.056807582450244E-03   0.000000000000000E+00
   0.000000000000000E+00   0.000000000000000E+00   1.088845191547887E-03
      </IFC>
    </s_s1_m1_m2_m3.1.1.1.3.2>
    <s_s1_m1_m2_m3.1.1.2.3.2>
      <IFC>
  -7.161887804814533E-05   1.951563910473908E-18   0.000000000000000E+00
   1.734723475976807E-18  -5.646459652676465E-04   0.000000000000000E+00
   0.000000000000000E+00   0.000000000000000E+00  -7.133412742281898E-04
      </IFC>
    </s_s1_m1_m2_m3.1.1.2.3.2>
    <s_s1_m1_m2_m3.1.1.3.3.2>
      <IFC>
   4.037902099283735E-04   5.655296337165927E-04   0.000000000000000E+00
   5.655296337165927E-04   1.056807582450235E-03   0.000000000000000E+00
   0.000000000000000E+00   0.000000000000000E+00   1.088845191547892E-03
      </IFC>
    </s_s1_m1_m2_m3.1.1.3.3.2>
    <s_s1_m1_m2_m3.1.1.4.3.2>
      <IFC>
  -7.161887804814533E-05   1.734723475976807E-18   0.000000000000000E+00
   1.951563910473908E-18  -5.646459652676465E-04   0.000000000000000E+00
   0.000000000000000E+00   0.000000000000000E+00  -7.133412742281898E-04
      </IFC>
    </s_s1_m1_m2_m3.1.1.4.3.2>
    <s_s1_m1_m2_m3.1.1.1.4.2>
      <IFC>
  -4.059382877948971E-04   3.305090321977996E-04   0.000000000000000E+00
   4.285711712292452E-05  -6.215013346114306E-04   0.000000000000000E+00
   0.000000000000000E+00   0.000000000000000E+00  -2.047791503620802E-03
      </IFC>
    </s_s1_m1_m2_m3.1.1.1.4.2>
    <s_s1_m1_m2_m3.1.1.2.4.2>
      <IFC>
  -4.413891934628381E-04   2.134869911429850E-04   0.000000000000000E+00
   2.134869911429851E-04  -1.948756498530197E-04   0.000000000000000E+00
   0.000000000000000E+00   0.000000000000000E+00  -7.133412742281898E-04
      </IFC>
    </s_s1_m1_m2_m3.1.1.2.4.2>
    <s_s1_m1_m2_m3.1.1.3.4.2>
      <IFC>
  -4.413891934628338E-04  -2.134869911429852E-04   0.000000000000000E+00
  -2.134869911429852E-04  -1.948756498530079E-04   0.000000000000000E+00
   0.000000000000000E+00   0.000000000000000E+00  -7.133412742281898E-04
      </IFC>
    </s_s1_m1_m2_m3.1.1.3.4.2>
    <s_s1_m1_m2_m3.1.1.4.4.2>
      <IFC>
  -4.059382877948936E-04  -3.305090321977988E-04   0.000000000000000E+00
  -4.285711712292278E-05  -6.215013346114332E-04   0.000000000000000E+00
   0.000000000000000E+00   0.000000000000000E+00  -2.047791503620803E-03
      </IFC>
    </s_s1_m1_m2_m3.1.1.4.4.2>
    <s_s1_m1_m2_m3.1.2.1.1.1>
      <IFC>
  -8.531669704992240E-03  -3.250843555013108E-03  -9.891659599897649E-03
  -3.250843555013108E-03  -4.777918901834511E-03  -5.710952332729049E-03
  -9.891659599897649E-03  -5.710952332729049E-03  -1.905569955560241E-02
      </IFC>
    </s_s1_m1_m2_m3.1.2.1.1.1>
    <s_s1_m1_m2_m3.1.2.2.1.1>
      <IFC>
  -8.531669704999446E-03   3.250843555010225E-03   9.891659599888676E-03
   3.250843555010225E-03  -4.777918901841476E-03  -5.710952332727474E-03
   9.891659599888676E-03  -5.710952332727474E-03  -1.905569955562577E-02
      </IFC>
    </s_s1_m1_m2_m3.1.2.2.1.1>
    <s_s1_m1_m2_m3.1.2.3.1.1>
      <IFC>
  -1.674619712160325E-03   4.214963209275879E-04   1.530361551300496E-03
   4.214963209275879E-04  -1.170339196629728E-04   2.829810844043068E-04
   1.530361551300496E-03   2.829810844043068E-04   3.906073184748089E-05
      </IFC>
    </s_s1_m1_m2_m3.1.2.3.1.1>
    <s_s1_m1_m2_m3.1.2.4.1.1>
      <IFC>
  -1.674619712156760E-03  -4.214963209247038E-04  -1.530361551291522E-03
  -4.214963209247038E-04  -1.170339196626178E-04   2.829810844153088E-04
  -1.530361551291522E-03   2.829810844153088E-04   3.906073185411387E-05
      </IFC>
    </s_s1_m1_m2_m3.1.2.4.1.1>
    <s_s1_m1_m2_m3.1.2.1.2.1>
      <IFC>
   3.271756033041818E-03  -8.235334136346101E-04   9.425743834588056E-04
  -8.235334136346101E-04   2.320821556944235E-03  -5.441955740211536E-04
   9.425743834588056E-04  -5.441955740211536E-04   2.191799474802016E-03
      </IFC>
    </s_s1_m1_m2_m3.1.2.1.2.1>
    <s_s1_m1_m2_m3.1.2.2.2.1>
      <IFC>
  -2.901043500253983E-03  -1.545909667638456E-15  -3.109925511557421E-15
  -1.545909667638456E-15  -1.040854510657197E-02   1.142190466546350E-02
  -3.109925511557421E-15   1.142190466546350E-02  -1.905569955560241E-02
      </IFC>
    </s_s1_m1_m2_m3.1.2.2.2.1>
    <s_s1_m1_m2_m3.1.2.3.2.1>
      <IFC>
   3.271756033039752E-03   8.235334136364081E-04  -9.425743834510984E-04
   8.235334136364081E-04   2.320821556936411E-03  -5.441955740117728E-04
  -9.425743834510984E-04  -5.441955740117728E-04   2.191799474786873E-03
      </IFC>
    </s_s1_m1_m2_m3.1.2.3.2.1>
    <s_s1_m1_m2_m3.1.2.4.2.1>
      <IFC>
  -2.688110357342786E-04  -2.525648960804983E-16  -4.597234051773036E-15
  -2.525648960804983E-16  -4.443566169785930E-04  -5.130644361751710E-04
  -4.597234051773036E-15  -5.130644361751710E-04   2.295662935670652E-04
      </IFC>
    </s_s1_m1_m2_m3.1.2.4.2.1>
    <s_s1_m1_m2_m3.1.2.1.3.1>
      <IFC>
  -4.004702216673416E-04  -7.601346643998797E-05   4.443268355037704E-04
  -7.601346643998797E-05  -3.126974310455471E-04   2.565322180915659E-04
   4.443268355037704E-04   2.565322180915659E-04   2.295662935670670E-04
      </IFC>
    </s_s1_m1_m2_m3.1.2.1.3.1>
    <s_s1_m1_m2_m3.1.2.2.3.1>
      <IFC>
  -1.414038462636694E-04   4.637062719744147E-04  -1.010249583539905E-03
   4.637062719744147E-04  -1.650249785555494E-03   1.183841438185676E-03
  -1.010249583539905E-03   1.183841438185676E-03   3.906073185410905E-05
      </IFC>
    </s_s1_m1_m2_m3.1.2.2.3.1>
    <s_s1_m1_m2_m3.1.2.3.3.1>
      <IFC>
  -1.414038462652859E-04  -4.637062719741102E-04   1.010249583539460E-03
  -4.637062719741102E-04  -1.650249785559849E-03   1.183841438192691E-03
   1.010249583539460E-03   1.183841438192691E-03   3.906073184559958E-05
      </IFC>
    </s_s1_m1_m2_m3.1.2.3.3.1>
    <s_s1_m1_m2_m3.1.2.4.3.1>
      <IFC>
  -4.004702216653170E-04   7.601346643968396E-05  -4.443268355033244E-04
   7.601346643968396E-05  -3.126974310432912E-04   2.565322180860031E-04
  -4.443268355033244E-04   2.565322180860031E-04   2.295662935752840E-04
      </IFC>
    </s_s1_m1_m2_m3.1.2.4.3.1>
    <s_s1_m1_m2_m3.1.2.1.4.1>
      <IFC>
   1.845354318887992E-03  -1.593722983445067E-15  -4.259830335695547E-15
  -1.593722983445067E-15   3.747223271087966E-03   1.088391148030935E-03
  -4.259830335695547E-15   1.088391148030935E-03   2.191799474786873E-03
      </IFC>
    </s_s1_m1_m2_m3.1.2.1.4.1>
    <s_s1_m1_m2_m3.1.2.2.4.1>
      <IFC>
  -8.714568893123187E-04   8.852025929019503E-04   5.201119677656278E-04
   8.852025929019503E-04  -9.201967425108634E-04  -1.466822522603248E-03
   5.201119677656278E-04  -1.466822522603248E-03   3.906073184748241E-05
      </IFC>
    </s_s1_m1_m2_m3.1.2.2.4.1>
    <s_s1_m1_m2_m3.1.2.3.4.1>
      <IFC>
   1.487663998404259E-03  -2.039384286445234E-16  -3.446895546765916E-15
  -2.039384286445234E-16   1.487663998403812E-03   1.991354130204126E-15
  -3.446895546765916E-15   1.991354130204126E-15  -2.079919479667841E-04
      </IFC>
    </s_s1_m1_m2_m3.1.2.3.4.1>
    <s_s1_m1_m2_m3.1.2.4.4.1>
      <IFC>
  -8.714568893126007E-04  -8.852025929001531E-04  -5.201119677579211E-04
  -8.852025929001531E-04  -9.201967425126388E-04  -1.466822522604108E-03
  -5.201119677579211E-04  -1.466822522604108E-03   3.906073184559757E-05
      </IFC>
    </s_s1_m1_m2_m3.1.2.4.4.1>
    <s_s1_m1_m2_m3.1.2.1.1.2>
      <IFC>
  -8.531669704992240E-03  -3.250843555013108E-03   9.891659599897649E-03
  -3.250843555013108E-03  -4.777918901834511E-03   5.710952332729049E-03
   9.891659599897649E-03   5.710952332729049E-03  -1.905569955560241E-02
      </IFC>
    </s_s1_m1_m2_m3.1.2.1.1.2>
    <s_s1_m1_m2_m3.1.2.2.1.2>
      <IFC>
  -8.531669704999446E-03   3.250843555010225E-03  -9.891659599888676E-03
   3.250843555010225E-03  -4.777918901841476E-03   5.710952332727474E-03
  -9.891659599888676E-03   5.710952332727474E-03  -1.905569955562577E-02
      </IFC>
    </s_s1_m1_m2_m3.1.2.2.1.2>
    <s_s1_m1_m2_m3.1.2.3.1.2>
      <IFC>
  -1.674619712160325E-03   4.214963209275879E-04  -1.530361551300496E-03
   4.214963209275879E-04  -1.170339196629728E-04  -2.829810844043068E-04
  -1.530361551300496E-03  -2.829810844043068E-04   3.906073184748089E-05
      </IFC>
    </s_s1_m1_m2_m3.1.2.3.1.2>
    <s_s1_m1_m2_m3.1.2.4.1.2>
      <IFC>
  -1.674619712156760E-03  -4.214963209247038E-04   1.530361551291522E-03
  -4.214963209247038E-04  -1.170339196626178E-04  -2.829810844153088E-04
   1.530361551291522E-03  -2.829810844153088E-04   3.906073185411387E-05
      </IFC>
    </s_s1_m1_m2_m3.1.2.4.1.2>
    <s_s1_m1_m2_m3.1.2.1.2.2>
      <IFC>
   3.271756033041818E-03  -8.235334136346101E-04  -9.425743834588056E-04
  -8.235334136346101E-04   2.320821556944235E-03   5.441955740211536E-04
  -9.425743834588056E-04   5.441955740211536E-04   2.191799474802016E-03
      </IFC>
    </s_s1_m1_m2_m3.1.2.1.2.2>
    <s_s1_m1_m2_m3.1.2.2.2.2>
      <IFC>
  -2.901043500253983E-03  -1.545909667638456E-15   3.109925511557421E-15
  -1.545909667638456E-15  -1.040854510657197E-02  -1.142190466546350E-02
   3.109925511557421E-15  -1.142190466546350E-02  -1.905569955560241E-02
      </IFC>
    </s_s1_m1_m2_m3.1.2.2.2.2>
    <s_s1_m1_m2_m3.1.2.3.2.2>
      <IFC>
   3.271756033039752E-03   8.235334136364081E-04   9.425743834510984E-04
   8.235334136364081E-04   2.320821556936411E-03   5.441955740117728E-04
   9.425743834510984E-04   5.441955740117728E-04   2.191799474786873E-03
      </IFC>
    </s_s1_m1_m2_m3.1.2.3.2.2>
    <s_s1_m1_m2_m3.1.2.4.2.2>
      <IFC>
  -2.688110357342786E-04  -2.525648960804983E-16   4.597234051773036E-15
  -2.525648960804983E-16  -4.443566169785930E-04   5.130644361751710E-04
   4.597234051773036E-15   5.130644361751710E-04   2.295662935670652E-04
      </IFC>
    </s_s1_m1_m2_m3.1.2.4.2.2>
    <s_s1_m1_m2_m3.1.2.1.3.2>
      <IFC>
  -4.004702216673416E-04  -7.601346643998797E-05  -4.443268355037704E-04
  -7.601346643998797E-05  -3.126974310455471E-04  -2.565322180915659E-04
  -4.443268355037704E-04  -2.565322180915659E-04   2.295662935670670E-04
      </IFC>
    </s_s1_m1_m2_m3.1.2.1.3.2>
    <s_s1_m1_m2_m3.1.2.2.3.2>
      <IFC>
  -1.414038462636694E-04   4.637062719744147E-04   1.010249583539905E-03
   4.637062719744147E-04  -1.650249785555494E-03  -1.183841438185676E-03
   1.010249583539905E-03  -1.183841438185676E-03   3.906073185410905E-05
      </IFC>
    </s_s1_m1_m2_m3.1.2.2.3.2>
    <s_s1_m1_m2_m3.1.2.3.3.2>
      <IFC>
  -1.414038462652859E-04  -4.637062719741102E-04  -1.010249583539460E-03
  -4.637062719741102E-04  -1.650249785559849E-03  -1.183841438192691E-03
  -1.010249583539460E-03  -1.183841438192691E-03   3.906073184559958E-05
      </IFC>
    </s_s1_m1_m2_m3.1.2.3.3.2>
    <s_s1_m1_m2_m3.1.2.4.3.2>
      <IFC>
  -4.004702216653170E-04   7.601346643968396E-05   4.443268355033244E-04
   7.601346643968396E-05  -3.126974310432912E-04  -2.565322180860031E-04
   4.443268355033244E-04  -2.565322180860031E-04   2.295662935752840E-04
      </IFC>
    </s_s1_m1_m2_m3.1.2.4.3.2>
    <s_s1_m1_m2_m3.1.2.1.4.2>
      <IFC>
   1.845354318887992E-03  -1.593722983445067E-15   4.259830335695547E-15
  -1.593722983445067E-15   3.747223271087966E-03  -1.088391148030935E-03
   4.259830335695547E-15  -1.088391148030935E-03   2.191799474786873E-03
      </IFC>
    </s_s1_m1_m2_m3.1.2.1.4.2>
    <s_s1_m1_m2_m3.1.2.2.4.2>
      <IFC>
  -8.714568893123187E-04   8.852025929019503E-04  -5.201119677656278E-04
   8.852025929019503E-04  -9.201967425108634E-04   1.466822522603248E-03
  -5.201119677656278E-04   1.466822522603248E-03   3.906073184748241E-05
      </IFC>
    </s_s1_m1_m2_m3.1.2.2.4.2>
    <s_s1_m1_m2_m3.1.2.3.4.2>
      <IFC>
   1.487663998404259E-03  -2.039384286445234E-16   3.446895546765916E-15
  -2.039384286445234E-16   1.487663998403812E-03  -1.991354130204126E-15
   3.446895546765916E-15  -1.991354130204126E-15  -2.079919479667841E-04
      </IFC>
    </s_s1_m1_m2_m3.1.2.3.4.2>
    <s_s1_m1_m2_m3.1.2.4.4.2>
      <IFC>
  -8.714568893126007E-04  -8.852025929001531E-04   5.201119677579211E-04
  -8.852025929001531E-04  -9.201967425126388E-04   1.466822522604108E-03
   5.201119677579211E-04   1.466822522604108E-03   3.906073184559757E-05
      </IFC>
    </s_s1_m1_m2_m3.1.2.4.4.2>
    <s_s1_m1_m2_m3.2.1.1.1.1>
      <IFC>
  -8.531669704992240E-03  -3.250843555013108E-03  -9.891659599897649E-03
  -3.250843555013108E-03  -4.777918901834511E-03  -5.710952332729049E-03
  -9.891659599897649E-03  -5.710952332729049E-03  -1.905569955560241E-02
      </IFC>
    </s_s1_m1_m2_m3.2.1.1.1.1>
    <s_s1_m1_m2_m3.2.1.2.1.1>
      <IFC>
  -1.674619712156760E-03  -4.214963209247038E-04  -1.530361551291522E-03
  -4.214963209247038E-04  -1.170339196626178E-04   2.829810844153088E-04
  -1.530361551291522E-03   2.829810844153088E-04   3.906073185411387E-05
      </IFC>
    </s_s1_m1_m2_m3.2.1.2.1.1>
    <s_s1_m1_m2_m3.2.1.3.1.1>
      <IFC>
  -1.674619712160325E-03   4.214963209275879E-04   1.530361551300496E-03
   4.214963209275879E-04  -1.170339196629728E-04   2.829810844043068E-04
   1.530361551300496E-03   2.829810844043068E-04   3.906073184748089E-05
      </IFC>
    </s_s1_m1_m2_m3.2.1.3.1.1>
    <s_s1_m1_m2_m3.2.1.4.1.1>
      <IFC>
  -8.531669704999446E-03   3.250843555010225E-03   9.891659599888676E-03
   3.250843555010225E-03  -4.777918901841476E-03  -5.710952332727474E-03
   9.891659599888676E-03  -5.710952332727474E-03  -1.905569955562577E-02
      </IFC>
    </s_s1_m1_m2_m3.2.1.4.1.1>
    <s_s1_m1_m2_m3.2.1.1.2.1>
      <IFC>
   1.845354318887992E-03  -1.593722983445067E-15  -4.259830335695547E-15
  -1.593722983445067E-15   3.747223271087966E-03   1.088391148030935E-03
  -4.259830335695547E-15   1.088391148030935E-03   2.191799474786873E-03
      </IFC>
    </s_s1_m1_m2_m3.2.1.1.2.1>
    <s_s1_m1_m2_m3.2.1.2.2.1>
      <IFC>
  -8.714568893126007E-04  -8.852025929001531E-04  -5.201119677579211E-04
  -8.852025929001531E-04  -9.201967425126388E-04  -1.466822522604108E-03
  -5.201119677579211E-04  -1.466822522604108E-03   3.906073184559757E-05
      </IFC>
    </s_s1_m1_m2_m3.2.1.2.2.1>
    <s_s1_m1_m2_m3.2.1.3.2.1>
      <IFC>
   1.487663998404259E-03  -2.039384286445234E-16  -3.446895546765916E-15
  -2.039384286445234E-16   1.487663998403812E-03   1.991354130204126E-15
  -3.446895546765916E-15   1.991354130204126E-15  -2.079919479667841E-04
      </IFC>
    </s_s1_m1_m2_m3.2.1.3.2.1>
    <s_s1_m1_m2_m3.2.1.4.2.1>
      <IFC>
  -8.714568893123187E-04   8.852025929019503E-04   5.201119677656278E-04
   8.852025929019503E-04  -9.201967425108634E-04  -1.466822522603248E-03
   5.201119677656278E-04  -1.466822522603248E-03   3.906073184748241E-05
      </IFC>
    </s_s1_m1_m2_m3.2.1.4.2.1>
    <s_s1_m1_m2_m3.2.1.1.3.1>
      <IFC>
  -4.004702216673416E-04  -7.601346643998797E-05   4.443268355037704E-04
  -7.601346643998797E-05  -3.126974310455471E-04   2.565322180915659E-04
   4.443268355037704E-04   2.565322180915659E-04   2.295662935670670E-04
      </IFC>
    </s_s1_m1_m2_m3.2.1.1.3.1>
    <s_s1_m1_m2_m3.2.1.2.3.1>
      <IFC>
  -4.004702216653170E-04   7.601346643968396E-05  -4.443268355033244E-04
   7.601346643968396E-05  -3.126974310432912E-04   2.565322180860031E-04
  -4.443268355033244E-04   2.565322180860031E-04   2.295662935752840E-04
      </IFC>
    </s_s1_m1_m2_m3.2.1.2.3.1>
    <s_s1_m1_m2_m3.2.1.3.3.1>
      <IFC>
  -1.414038462652859E-04  -4.637062719741102E-04   1.010249583539460E-03
  -4.637062719741102E-04  -1.650249785559849E-03   1.183841438192691E-03
   1.010249583539460E-03   1.183841438192691E-03   3.906073184559958E-05
      </IFC>
    </s_s1_m1_m2_m3.2.1.3.3.1>
    <s_s1_m1_m2_m3.2.1.4.3.1>
      <IFC>
  -1.414038462636694E-04   4.637062719744147E-04  -1.010249583539905E-03
   4.637062719744147E-04  -1.650249785555494E-03   1.183841438185676E-03
  -1.010249583539905E-03   1.183841438185676E-03   3.906073185410905E-05
      </IFC>
    </s_s1_m1_m2_m3.2.1.4.3.1>
    <s_s1_m1_m2_m3.2.1.1.4.1>
      <IFC>
   3.271756033041818E-03  -8.235334136346101E-04   9.425743834588056E-04
  -8.235334136346101E-04   2.320821556944235E-03  -5.441955740211536E-04
   9.425743834588056E-04  -5.441955740211536E-04   2.191799474802016E-03
      </IFC>
    </s_s1_m1_m2_m3.2.1.1.4.1>
    <s_s1_m1_m2_m3.2.1.2.4.1>
      <IFC>
  -2.688110357342786E-04  -2.525648960804983E-16  -4.597234051773036E-15
  -2.525648960804983E-16  -4.443566169785930E-04  -5.130644361751710E-04
  -4.597234051773036E-15  -5.130644361751710E-04   2.295662935670652E-04
      </IFC>
    </s_s1_m1_m2_m3.2.1.2.4.1>
    <s_s1_m1_m2_m3.2.1.3.4.1>
      <IFC>
   3.271756033039752E-03   8.235334136364081E-04  -9.425743834510984E-04
   8.235334136364081E-04   2.320821556936411E-03  -5.441955740117728E-04
  -9.425743834510984E-04  -5.441955740117728E-04   2.191799474786873E-03
      </IFC>
    </s_s1_m1_m2_m3.2.1.3.4.1>
    <s_s1_m1_m2_m3.2.1.4.4.1>
      <IFC>
  -2.901043500253983E-03  -1.545909667638456E-15  -3.109925511557421E-15
  -1.545909667638456E-15  -1.040854510657197E-02   1.142190466546350E-02
  -3.109925511557421E-15   1.142190466546350E-02  -1.905569955560241E-02
      </IFC>
    </s_s1_m1_m2_m3.2.1.4.4.1>
    <s_s1_m1_m2_m3.2.1.1.1.2>
      <IFC>
  -8.531669704992240E-03  -3.250843555013108E-03   9.891659599897649E-03
  -3.250843555013108E-03  -4.777918901834511E-03   5.710952332729049E-03
   9.891659599897649E-03   5.710952332729049E-03  -1.905569955560241E-02
      </IFC>
    </s_s1_m1_m2_m3.2.1.1.1.2>
    <s_s1_m1_m2_m3.2.1.2.1.2>
      <IFC>
  -1.674619712156760E-03  -4.214963209247038E-04   1.530361551291522E-03
  -4.214963209247038E-04  -1.170339196626178E-04  -2.829810844153088E-04
   1.530361551291522E-03  -2.829810844153088E-04   3.906073185411387E-05
      </IFC>
    </s_s1_m1_m2_m3.2.1.2.1.2>
    <s_s1_m1_m2_m3.2.1.3.1.2>
      <IFC>
  -1.674619712160325E-03   4.214963209275879E-04  -1.530361551300496E-03
   4.214963209275879E-04  -1.170339196629728E-04  -2.829810844043068E-04
  -1.530361551300496E-03  -2.829810844043068E-04   3.906073184748089E-05
      </IFC>
    </s_s1_m1_m2_m3.2.1.3.1.2>
    <s_s1_m1_m2_m3.2.1.4.1.2>
      <IFC>
  -8.531669704999446E-03   3.250843555010225E-03  -9.891659599888676E-03
   3.250843555010225E-03  -4.777918901841476E-03   5.710952332727474E-03
  -9.891659599888676E-03   5.710952332727474E-03  -1.905569955562577E-02
      </IFC>
    </s_s1_m1_m2_m3.2.1.4.1.2>
    <s_s1_m1_m2_m3.2.1.1.2.2>
      <IFC>
   1.845354318887992E-03  -1.593722983445067E-15   4.259830335695547E-15
  -1.593722983445067E-15   3.747223271087966E-03  -1.088391148030935E-03
   4.259830335695547E-15  -1.088391148030935E-03   2.191799474786873E-03
      </IFC>
    </s_s1_m1_m2_m3.2.1.1.2.2>
    <s_s1_m1_m2_m3.2.1.2.2.2>
      <IFC>
  -8.714568893126007E-04  -8.852025929001531E-04   5.201119677579211E-04
  -8.852025929001531E-04  -9.201967425126388E-04   1.466822522604108E-03
   5.201119677579211E-04   1.466822522604108E-03   3.906073184559757E-05
      </IFC>
    </s_s1_m1_m2_m3.2.1.2.2.2>
    <s_s1_m1_m2_m3.2.1.3.2.2>
      <IFC>
   1.487663998404259E-03  -2.039384286445234E-16   3.446895546765916E-15
  -2.039384286445234E-16   1.487663998403812E-03  -1.991354130204126E-15
   3.446895546765916E-15  -1.991354130204126E-15  -2.079919479667841E-04
      </IFC>
    </s_s1_m1_m2_m3.2.1.3.2.2>
    <s_s1_m1_m2_m3.2.1.4.2.2>
      <IFC>
  -8.714568893123187E-04   8.852025929019503E-04  -5.201119677656278E-04
   8.852025929019503E-04  -9.201967425108634E-04   1.466822522603248E-03
  -5.201119677656278E-04   1.466822522603248E-03   3.906073184748241E-05
      </IFC>
    </s_s1_m1_m2_m3.2.1.4.2.2>
    <s_s1_m1_m2_m3.2.1.1.3.2>
      <IFC>
  -4.004702216673416E-04  -7.601346643998797E-05  -4.443268355037704E-04
  -7.601346643998797E-05  -3.126974310455471E-04  -2.565322180915659E-04
  -4.443268355037704E-04  -2.565322180915659E-04   2.295662935670670E-04
      </IFC>
    </s_s1_m1_m2_m3.2.1.1.3.2>
    <s_s1_m1_m2_m3.2.1.2.3.2>
      <IFC>
  -4.004702216653170E-04   7.601346643968396E-05   4.443268355033244E-04
   7.601346643968396E-05  -3.126974310432912E-04  -2.565322180860031E-04
   4.443268355033244E-04  -2.565322180860031E-04   2.295662935752840E-04
      </IFC>
    </s_s1_m1_m2_m3.2.1.2.3.2>
    <s_s1_m1_m2_m3.2.1.3.3.2>
      <IFC>
  -1.414038462652859E-04  -4.637062719741102E-04  -1.010249583539460E-03
  -4.637062719741102E-04  -1.650249785559849E-03  -1.183841438192691E-03
  -1.010249583539460E-03  -1.183841438192691E-03   3.906073184559958E-05
      </IFC>
    </s_s1_m1_m2_m3.2.1.3.3.2>
    <s_s1_m1_m2_m3.2.1.4.3.2>
      <IFC>
  -1.414038462636694E-04   4.637062719744147E-04   1.010249583539905E-03
   4.637062719744147E-04  -1.650249785555494E-03  -1.183841438185676E-03
   1.010249583539905E-03  -1.183841438185676E-03   3.906073185410905E-05
      </IFC>
    </s_s1_m1_m2_m3.2.1.4.3.2>
    <s_s1_m1_m2_m3.2.1.1.4.2>
      <IFC>
   3.271756033041818E-03  -8.235334136346101E-04  -9.425743834588056E-04
  -8.235334136346101E-04   2.320821556944235E-03   5.441955740211536E-04
  -9.425743834588056E-04   5.441955740211536E-04   2.191799474802016E-03
      </IFC>
    </s_s1_m1_m2_m3.2.1.1.4.2>
    <s_s1_m1_m2_m3.2.1.2.4.2>
      <IFC>
  -2.688110357342786E-04  -2.525648960804983E-16   4.597234051773036E-15
  -2.525648960804983E-16  -4.443566169785930E-04   5.130644361751710E-04
   4.597234051773036E-15   5.130644361751710E-04   2.295662935670652E-04
      </IFC>
    </s_s1_m1_m2_m3.2.1.2.4.2>
    <s_s1_m1_m2_m3.2.1.3.4.2>
      <IFC>
   3.271756033039752E-03   8.235334136364081E-04   9.425743834510984E-04
   8.235334136364081E-04   2.320821556936411E-03   5.441955740117728E-04
   9.425743834510984E-04   5.441955740117728E-04   2.191799474786873E-03
      </IFC>
    </s_s1_m1_m2_m3.2.1.3.4.2>
    <s_s1_m1_m2_m3.2.1.4.4.2>
      <IFC>
  -2.901043500253983E-03  -1.545909667638456E-15   3.109925511557421E-15
  -1.545909667638456E-15  -1.040854510657197E-02  -1.142190466546350E-02
   3.109925511557421E-15  -1.142190466546350E-02  -1.905569955560241E-02
      </IFC>
    </s_s1_m1_m2_m3.2.1.4.4.2>
    <s_s1_m1_m2_m3.2.2.1.1.1>
      <IFC>
   9.867444156812494E-02   1.951563910473908E-18   0.000000000000000E+00
   1.951563910473908E-18   9.867444156811095E-02   0.000000000000000E+00
   0.000000000000000E+00   0.000000000000000E+00   9.726995543365169E-02
      </IFC>
    </s_s1_m1_m2_m3.2.2.1.1.1>
    <s_s1_m1_m2_m3.2.2.2.1.1>
      <IFC>
  -1.834084945197048E-02   4.183304567263512E-03   0.000000000000000E+00
  -4.183304567263514E-03  -2.081979456785300E-03   0.000000000000000E+00
   0.000000000000000E+00   0.000000000000000E+00   7.344263453201993E-04
      </IFC>
    </s_s1_m1_m2_m3.2.2.2.1.1>
    <s_s1_m1_m2_m3.2.2.3.1.1>
      <IFC>
   3.410421755128991E-04  -7.589415207398531E-19   0.000000000000000E+00
  -7.589415207398531E-19  -5.293569505547433E-04   0.000000000000000E+00
   0.000000000000000E+00   0.000000000000000E+00  -8.171422760472960E-04
      </IFC>
    </s_s1_m1_m2_m3.2.2.3.1.1>
    <s_s1_m1_m2_m3.2.2.4.1.1>
      <IFC>
  -1.834084945197048E-02  -4.183304567263514E-03   0.000000000000000E+00
   4.183304567263512E-03  -2.081979456785300E-03   0.000000000000000E+00
   0.000000000000000E+00   0.000000000000000E+00   7.344263453201993E-04
      </IFC>
    </s_s1_m1_m2_m3.2.2.4.1.1>
    <s_s1_m1_m2_m3.2.2.1.2.1>
      <IFC>
  -6.146696955581819E-03   1.122360179359235E-02   0.000000000000000E+00
   2.856992659065327E-03  -1.427613195317223E-02   0.000000000000000E+00
   0.000000000000000E+00   0.000000000000000E+00   7.344263453201993E-04
      </IFC>
    </s_s1_m1_m2_m3.2.2.1.2.1>
    <s_s1_m1_m2_m3.2.2.2.2.1>
      <IFC>
  -6.146696955581817E-03  -1.122360179359235E-02   0.000000000000000E+00
  -2.856992659065328E-03  -1.427613195317224E-02   0.000000000000000E+00
   0.000000000000000E+00   0.000000000000000E+00   7.344263453201993E-04
      </IFC>
    </s_s1_m1_m2_m3.2.2.2.2.1>
    <s_s1_m1_m2_m3.2.2.3.2.1>
      <IFC>
  -1.746502322337379E-03  -1.403872758130886E-03   0.000000000000000E+00
  -1.403872758130886E-03  -1.254496927075533E-04   0.000000000000000E+00
   0.000000000000000E+00   0.000000000000000E+00  -1.842590849343399E-04
      </IFC>
    </s_s1_m1_m2_m3.2.2.3.2.1>
    <s_s1_m1_m2_m3.2.2.4.2.1>
      <IFC>
  -1.746502322337383E-03   1.403872758130888E-03   0.000000000000000E+00
   1.403872758130888E-03  -1.254496927075451E-04   0.000000000000000E+00
   0.000000000000000E+00   0.000000000000000E+00  -1.842590849343399E-04
      </IFC>
    </s_s1_m1_m2_m3.2.2.4.2.1>
    <s_s1_m1_m2_m3.2.2.1.3.1>
      <IFC>
  -3.117571690378802E-04  -3.768938773031792E-04   0.000000000000000E+00
  -3.768938773031792E-04   1.234423939959380E-04   0.000000000000000E+00
   0.000000000000000E+00   0.000000000000000E+00  -8.171422760472960E-04
      </IFC>
    </s_s1_m1_m2_m3.2.2.1.3.1>
    <s_s1_m1_m2_m3.2.2.2.3.1>
      <IFC>
   6.850766221073385E-04  -6.505213034913027E-19   0.000000000000000E+00
  -6.505213034913027E-19  -2.557028637151926E-03   0.000000000000000E+00
   0.000000000000000E+00   0.000000000000000E+00  -1.842590849343399E-04
      </IFC>
    </s_s1_m1_m2_m3.2.2.2.3.1>
    <s_s1_m1_m2_m3.2.2.3.3.1>
      <IFC>
  -3.117571690378906E-04   3.768938773031804E-04   0.000000000000000E+00
   3.768938773031804E-04   1.234423939959527E-04   0.000000000000000E+00
   0.000000000000000E+00   0.000000000000000E+00  -8.171422760472960E-04
      </IFC>
    </s_s1_m1_m2_m3.2.2.3.3.1>
    <s_s1_m1_m2_m3.2.2.4.3.1>
      <IFC>
   6.850766221073385E-04  -6.505213034913027E-19   0.000000000000000E+00
  -6.505213034913027E-19  -2.557028637151926E-03   0.000000000000000E+00
   0.000000000000000E+00   0.000000000000000E+00  -1.842590849343399E-04
      </IFC>
    </s_s1_m1_m2_m3.2.2.4.3.1>
    <s_s1_m1_m2_m3.2.2.1.4.1>
      <IFC>
  -6.146696955581819E-03   2.856992659065327E-03   0.000000000000000E+00
   1.122360179359235E-02  -1.427613195317223E-02   0.000000000000000E+00
   0.000000000000000E+00   0.000000000000000E+00   7.344263453201993E-04
      </IFC>
    </s_s1_m1_m2_m3.2.2.1.4.1>
    <s_s1_m1_m2_m3.2.2.2.4.1>
      <IFC>
  -1.746502322337383E-03   1.403872758130888E-03   0.000000000000000E+00
   1.403872758130888E-03  -1.254496927075451E-04   0.000000000000000E+00
   0.000000000000000E+00   0.000000000000000E+00  -1.842590849343399E-04
      </IFC>
    </s_s1_m1_m2_m3.2.2.2.4.1>
    <s_s1_m1_m2_m3.2.2.3.4.1>
      <IFC>
  -1.746502322337379E-03  -1.403872758130886E-03   0.000000000000000E+00
  -1.403872758130886E-03  -1.254496927075533E-04   0.000000000000000E+00
   0.000000000000000E+00   0.000000000000000E+00  -1.842590849343399E-04
      </IFC>
    </s_s1_m1_m2_m3.2.2.3.4.1>
    <s_s1_m1_m2_m3.2.2.4.4.1>
      <IFC>
  -6.146696955581817E-03  -2.856992659065328E-03   0.000000000000000E+00
  -1.122360179359235E-02  -1.427613195317224E-02   0.000000000000000E+00
   0.000000000000000E+00   0.000000000000000E+00   7.344263453201993E-04
      </IFC>
    </s_s1_m1_m2_m3.2.2.4.4.1>
    <s_s1_m1_m2_m3.2.2.1.1.2>
      <IFC>
   4.004579615056819E-03  -2.818925648462312E-18   0.000000000000000E+00
  -2.818925648462312E-18   4.004579615056243E-03   0.000000000000000E+00
   0.000000000000000E+00   0.000000000000000E+00   1.462667747462406E-02
      </IFC>
    </s_s1_m1_m2_m3.2.2.1.1.2>
    <s_s1_m1_m2_m3.2.2.2.1.2>
      <IFC>
  -7.292828580198387E-04   1.438259575374393E-04   0.000000000000000E+00
  -1.438259575374358E-04  -2.981567643865414E-04   0.000000000000000E+00
   0.000000000000000E+00   0.000000000000000E+00  -2.047791503620803E-03
      </IFC>
    </s_s1_m1_m2_m3.2.2.2.1.2>
    <s_s1_m1_m2_m3.2.2.3.1.2>
      <IFC>
   1.383316268711412E-03  -1.843143693225358E-18   0.000000000000000E+00
  -1.843143693225358E-18   7.728152366735189E-05   0.000000000000000E+00
   0.000000000000000E+00   0.000000000000000E+00   1.088845191547892E-03
      </IFC>
    </s_s1_m1_m2_m3.2.2.3.1.2>
    <s_s1_m1_m2_m3.2.2.4.1.2>
      <IFC>
  -7.292828580198387E-04  -1.438259575374358E-04   0.000000000000000E+00
   1.438259575374393E-04  -2.981567643865414E-04   0.000000000000000E+00
   0.000000000000000E+00   0.000000000000000E+00  -2.047791503620803E-03
      </IFC>
    </s_s1_m1_m2_m3.2.2.4.1.2>
    <s_s1_m1_m2_m3.2.2.1.2.2>
      <IFC>
  -4.059382877948971E-04   3.305090321977988E-04   0.000000000000000E+00
   4.285711712292408E-05  -6.215013346114306E-04   0.000000000000000E+00
   0.000000000000000E+00   0.000000000000000E+00  -2.047791503620802E-03
      </IFC>
    </s_s1_m1_m2_m3.2.2.1.2.2>
    <s_s1_m1_m2_m3.2.2.2.2.2>
      <IFC>
  -4.059382877948940E-04  -3.305090321977988E-04   0.000000000000000E+00
  -4.285711712292322E-05  -6.215013346114332E-04   0.000000000000000E+00
   0.000000000000000E+00   0.000000000000000E+00  -2.047791503620803E-03
      </IFC>
    </s_s1_m1_m2_m3.2.2.2.2.2>
    <s_s1_m1_m2_m3.2.2.3.2.2>
      <IFC>
  -4.413891934628347E-04  -2.134869911429854E-04   0.000000000000000E+00
  -2.134869911429854E-04  -1.948756498530079E-04   0.000000000000000E+00
   0.000000000000000E+00   0.000000000000000E+00  -7.133412742281898E-04
      </IFC>
    </s_s1_m1_m2_m3.2.2.3.2.2>
    <s_s1_m1_m2_m3.2.2.4.2.2>
      <IFC>
  -4.413891934628386E-04   2.134869911429848E-04   0.000000000000000E+00
   2.134869911429851E-04  -1.948756498530197E-04   0.000000000000000E+00
   0.000000000000000E+00   0.000000000000000E+00  -7.133412742281898E-04
      </IFC>
    </s_s1_m1_m2_m3.2.2.4.2.2>
    <s_s1_m1_m2_m3.2.2.1.3.2>
      <IFC>
   4.037902099283779E-04  -5.655296337165972E-04   0.000000000000000E+00
  -5.655296337165972E-04   1.056807582450244E-03   0.000000000000000E+00
   0.000000000000000E+00   0.000000000000000E+00   1.088845191547887E-03
      </IFC>
    </s_s1_m1_m2_m3.2.2.1.3.2>
    <s_s1_m1_m2_m3.2.2.2.3.2>
      <IFC>
  -7.161887804814620E-05   1.517883041479706E-18   0.000000000000000E+00
   1.517883041479706E-18  -5.646459652676465E-04   0.000000000000000E+00
   0.000000000000000E+00   0.000000000000000E+00  -7.133412742281898E-04
      </IFC>
    </s_s1_m1_m2_m3.2.2.2.3.2>
    <s_s1_m1_m2_m3.2.2.3.3.2>
      <IFC>
   4.037902099283727E-04   5.655296337165925E-04   0.000000000000000E+00
   5.655296337165925E-04   1.056807582450235E-03   0.000000000000000E+00
   0.000000000000000E+00   0.000000000000000E+00   1.088845191547892E-03
      </IFC>
    </s_s1_m1_m2_m3.2.2.3.3.2>
    <s_s1_m1_m2_m3.2.2.4.3.2>
      <IFC>
  -7.161887804814620E-05   1.517883041479706E-18   0.000000000000000E+00
   1.517883041479706E-18  -5.646459652676465E-04   0.000000000000000E+00
   0.000000000000000E+00   0.000000000000000E+00  -7.133412742281898E-04
      </IFC>
    </s_s1_m1_m2_m3.2.2.4.3.2>
    <s_s1_m1_m2_m3.2.2.1.4.2>
      <IFC>
  -4.059382877948971E-04   4.285711712292408E-05   0.000000000000000E+00
   3.305090321977988E-04  -6.215013346114306E-04   0.000000000000000E+00
   0.000000000000000E+00   0.000000000000000E+00  -2.047791503620802E-03
      </IFC>
    </s_s1_m1_m2_m3.2.2.1.4.2>
    <s_s1_m1_m2_m3.2.2.2.4.2>
      <IFC>
  -4.413891934628386E-04   2.134869911429851E-04   0.000000000000000E+00
   2.134869911429848E-04  -1.948756498530197E-04   0.000000000000000E+00
   0.000000000000000E+00   0.000000000000000E+00  -7.133412742281898E-04
      </IFC>
    </s_s1_m1_m2_m3.2.2.2.4.2>
    <s_s1_m1_m2_m3.2.2.3.4.2>
